906.039868
853.179617
998.669895
1095.911420
1020.976346
999.947357
1026.910929
947.967993
978.409490
943.033621
787.878150
728.953464
782.645469
900.249175
926.637187
909.651155
884.607286
765.768232
715.954236
821.120236
796.932688
779.915070
751.133572
748.518986
716.375377
732.771812
753.218221
800.558012
825.324630
842.026392
864.845231
859.015933
921.980066
940.461150
967.456307
933.020987
940.973538
924.850846
903.849933
882.006738
872.829368
865.147049
863.599354
848.845371
854.123675
851.800379
841.264828
830.532744
823.096090
933.308767
840.612059
836.035657
837.165719
820.923703
828.809574
827.609321
832.013757
829.076297
830.802976
935.582930
938.653752
896.392223
885.000351
957.296273
1031.848810
812.258721
824.341967
856.692637
969.095248
1041.278866
1079.841370
985.642591
944.609391
885.165298
882.834983
899.715730
906.910227
906.682109
906.380291
905.952130
905.871412
905.860883
