905.583632
852.962027
998.217169
1095.448165
1020.839475
999.715730
1026.531901
947.511757
977.946234
942.447533
787.520180
728.311223
782.129571
899.613954
926.023022
908.977329
884.670457
765.957745
715.698042
820.818418
796.560679
779.602723
750.831754
748.192602
716.157788
732.659507
753.144522
800.357970
825.138626
841.875483
864.638169
858.801853
921.685267
940.155822
967.105356
932.634941
940.591002
924.468309
903.477925
881.641749
872.446831
864.746964
863.241384
848.452306
853.723591
851.410823
840.822629
830.101074
822.597740
932.708640
840.317260
835.705763
836.891977
820.600828
828.472661
827.258370
831.641749
828.665684
830.371306
935.017899
937.951850
895.767530
884.424791
956.973398
1031.697901
812.406121
824.268267
856.411876
968.456517
1040.703306
1079.262301
985.105636
944.093493
884.838913
882.648979
899.680635
906.366253
906.180248
905.924054
905.559065
905.492384
905.488875
