906.236401
853.319997
998.775181
1096.027234
1021.102688
1000.073700
1027.068857
948.115393
978.570927
943.152944
787.944830
728.995578
782.673545
900.224609
926.619639
909.640626
884.589738
765.743665
716.013898
821.109707
796.890573
779.915070
751.126553
748.515477
716.399944
732.856040
753.302450
800.565031
825.328139
842.036920
864.855759
859.033481
921.969537
940.485716
967.484383
933.024496
940.970029
924.857865
903.867481
882.020776
872.878501
865.185653
863.666035
848.852390
854.144732
851.831965
841.296413
830.553801
823.025900
933.228048
840.541868
835.979504
837.130624
820.828946
828.746403
827.521583
831.926020
828.971011
830.694181
935.516249
938.604619
896.346599
884.933670
957.233102
1031.940058
812.335930
824.426195
856.776865
969.182986
1041.450832
1080.016846
985.726820
944.676072
885.246017
882.912192
899.792939
906.987436
906.759318
906.468028
906.043378
905.948621
905.941602
