1323.857654
1473.987506
1580.697691
1743.321401
1627.928687
1416.171826
1274.861374
1243.370534
1226.609111
1374.534990
1580.143188
1591.096371
1547.725837
1485.807538
1597.381905
1692.310662
1728.806064
1702.976065
1713.448445
1715.003159
1705.088791
1625.314101
1654.579912
1632.259423
1546.816874
1456.401348
1369.965607
1399.908753
1383.150839
1349.006808
1377.654945
1169.653260
1041.271847
976.377483
1141.236752
1144.697129
1181.048642
1321.239559
1399.406893
1442.468590
1147.722328
1184.438829
1185.912824
1204.955429
1130.297607
1124.896469
1081.003018
1279.651857
1309.005405
1317.554573
1287.397347
1332.891135
1316.206921
1315.726118
1294.728715
1266.596476
1269.035586
1135.375869
1283.449147
1350.684355
