1462.876395
1625.921247
1630.529234
1764.669755
1674.482347
1584.916123
1395.399031
1366.866709
1292.043939
1310.928617
1494.374254
1505.867902
1412.213097
1413.272970
1431.368007
1483.343862
1524.629747
1576.194988
1658.317541
1715.315505
1704.144732
1608.654454
1581.020566
1614.641679
1474.127887
1401.242367
1177.461922
1118.930301
1153.600758
1169.755036
1227.637397
1165.691023
1051.063382
1040.822629
1213.227346
1203.614796
1299.978943
1454.636064
1523.808521
1616.866709
1290.092651
1251.765284
1225.710676
1249.859620
1173.275075
1191.275356
1146.216747
1336.028638
1386.081280
1411.370815
1427.465431
1491.268337
1469.709413
1455.190566
1453.404225
1415.508528
1391.138485
1270.081421
1371.099179
1458.745701
