1278.921878
1262.634239
1366.266582
1467.393135
1406.671580
1374.127887
1396.472942
1310.535551
1369.046115
1287.323647
1125.686109
1118.298589
1170.618376
1277.409279
1318.782902
1308.829929
1320.499052
1228.907840
1177.114480
1234.379168
1257.534920
1282.143609
1277.658454
1261.574367
1280.715238
1262.114831
1266.273601
1282.108514
1304.990524
1321.099179
1293.658314
1304.039447
1311.655085
1314.571489
1322.517021
1312.465782
1308.036780
1303.295431
1288.106268
1269.955078
1255.099319
1243.991718
1241.036709
1234.087878
1232.217309
1224.892960
1209.903839
1194.921738
1191.773707
1236.741068
1279.293886
1271.281673
1272.517021
1269.621675
1267.175546
1256.875132
1256.074963
1243.093283
1257.784095
1292.700218
