95 -40 -25 -170 10 0
70 -40 -65 -140 15 0
75 0 -145 -55 15 60
40 -10 -65 -140 55 40
5 0 -130 -65 65 30
0 0 -100 -100 95 0
-20 -35 -90 -100 110 20
-35 -20 -100 -100 130 30
-65 -50 -105 -110 140 40
-100 -75 -100 -145 150 10
-40 -100 -80 -125 160 50
-40 -120 -20 -125 120 60
60 -70 -80 -125 45 -10
110 -50 -20 -150 55 -20
110 -130 20 -150 20 -30
-135 -120 135 -165 235 -20
-160 -75 85 -40 105 -30
-170 -45 85 -80 134 -30
-215 -45 85 -130 15 0
-200 -5	-60 -25 10 -40
-265 0 -145 35 5 0
-280 -50 -50 25 10 0
-290 -65 -110 -5 -20 -20
-300 -85 -90 -5 10 0
-310 -110 -70 0 50 20
-325 -120 -30 -15 50 20
-335 -140 105 -145 60 30
-345 -165 115 -135 80 -20
-355 -194 145 -100 60 0
-345 -165 25 -25 105 0
-335 -110 -15 -125 120 50
-325 -95 -15 -90 55 -30
-315 -35 -55 -70 40 -50
-305 -25 -85 -135 5 40
-295 -90 -90 -220 35 0
-285 -20 -60 -210 -30 0
-275 -55 -60 -270 -20 0
-265 -70 -45 -315 15 20
-255 -70 -45 -335 20 0
-245 -85 -5 -285 0 0
-235 -85 10 -320 -35 20
-225 -110 40 -350 -60 0
-215 -130 70 -325 -90 0
-205 -135 100 -325 -50 0
-215 -130 80 -290 -40 0
-195 -120 70 -290 0 0
-185 -110 80 -250 10 0
-200 -120 90 -200 -10 0
-220 -140 100 -100 -20 0
-175 -160 110 -120 -30 40
-165 -155 95 -155 -90 20
-155 -145 80 -140 -100 40
-145 -125 45 -95 -120 40
-105 -125 135 -70 -165 -10
-95 -115 65 -55 -185 70
-85 -115 45 -90 -225 90
-75 -105 20 -95 -145 -30
-65 -85 0 -185 -105 -50
-25 -75 -25 -215 -10 30
0 -90 0 -90 0 0


