846.444866
793.921527
939.222292
1035.660139
960.121429
938.997684
966.543834
887.025339
918.337194
882.768302
726.240612
673.127676
722.952200
838.197515
865.031235
847.925879
822.050256
703.239278
656.994455
761.279568
738.681828
722.295922
693.724995
691.952692
661.170773
672.769706
692.335228
739.717133
764.016986
780.388854
803.955219
798.490910
861.918299
880.760862
908.092932
874.117358
882.280480
866.463115
845.721906
823.727802
815.168106
807.447182
806.085492
791.514003
796.939707
794.647996
784.947708
774.545518
768.530217
879.269320
783.884327
779.620271
781.115323
765.140029
773.703236
772.481926
777.707588
775.696638
779.230715
884.323015
