-348.024145
-400.736997
-255.344985
-159.184390
-234.744157
-255.794202
-228.149786
-307.619148
-276.307293
-311.644557
-468.070471
-520.779813
-471.344845
-356.446971
-329.634309
-346.781779
-373.106619
-491.857935
-537.541237
-433.357900
-455.959149
-472.457359
-501.073910
-502.695304
-533.596547
-520.835965
-501.733698
-454.516740
-430.185302
-413.897663
-390.720854
-395.921948
-332.677055
-313.869587
-286.716502
-320.488524
-312.339440
-328.062048
-348.905033
-370.807889
-379.272829
-386.958658
-388.323858
-402.744437
-397.027444
-399.308626
-408.836948
-419.074191
-424.219134
-313.350179
-409.433565
-413.595845
-412.023584
-427.612831
-418.849582
-420.063873
-414.483751
-416.182354
-411.718256
-306.776865
