1463.164175
1625.756300
1630.476592
1764.617112
1674.440233
1584.926651
1395.451674
1366.905313
1292.075525
1310.918088
1494.374254
1505.867902
1412.255212
1413.311574
1431.385555
1483.368428
1524.657823
1576.279217
1658.415807
1715.413771
1704.257037
1608.756229
1581.136380
1614.736436
1474.229662
1401.382747
1177.567207
1119.070682
1153.748158
1169.916474
1227.781287
1165.838422
1051.238857
1040.991086
1213.378255
1203.765705
1300.133361
1454.758897
1523.941883
1616.961466
1290.348845
1252.049554
1226.008984
1250.150909
1173.590931
1191.552608
1146.479961
1336.277813
1386.309398
1411.619990
1427.605812
1491.342037
1469.818207
1455.313399
1453.544606
1415.705061
1391.349056
1270.351653
1371.285183
1458.882572
