845.034042
792.465080
937.713203
1034.017688
958.517583
937.442970
965.010178
885.547835
916.817576
881.424159
725.019302
672.130975
721.678248
836.691935
863.458974
846.395732
820.270934
701.470485
655.530989
759.682740
737.134134
720.663999
692.043939
690.352355
659.486208
671.064084
690.608549
738.046606
762.402611
778.669194
802.358391
796.795817
860.510985
879.339510
906.724223
872.724082
880.936337
865.118972
844.335650
822.334527
813.845020
806.176739
804.751878
790.240051
795.679792
793.440724
783.779041
773.397908
767.498421
878.451604
782.462975
778.269109
779.711518
763.838001
772.401207
771.250088
776.510844
774.577104
778.262090
883.470204
