1324.033130
1474.022601
1580.845090
1743.567067
1628.286657
1416.582438
1275.012283
1243.430196
1226.707377
1374.475328
1580.181793
1591.152523
1547.641609
1485.832105
1597.459114
1692.366814
1728.795536
1703.155050
1713.627430
1715.175125
1705.278304
1625.279006
1654.544816
1632.238366
1546.753703
1456.338176
1369.888398
1399.894715
1383.133291
1349.017337
1377.668983
1169.523408
1041.184109
976.324840
1141.110409
1144.584825
1181.013547
1321.281673
1399.463045
1442.587913
1147.946936
1184.631852
1186.049695
1205.078262
1130.430968
1125.071945
1081.157437
1279.820313
1309.173861
1317.733558
1287.534218
1332.957816
1316.164807
1315.761213
1294.872605
1266.736857
1269.190005
1135.568892
1283.550923
1350.807187
