905.888959
852.997122
998.410192
1095.581526
1020.685057
999.649049
1026.616130
947.659156
978.118200
942.724784
787.572822
728.651646
782.322594
899.884186
926.251141
909.282656
884.228259
765.417281
715.645399
820.797361
796.567698
779.588685
750.803678
748.213659
716.045483
732.508598
752.933951
800.189514
824.963150
841.675440
864.473222
858.805363
921.594020
940.082123
967.101846
932.652488
940.608549
924.492876
903.527058
881.655787
872.513512
864.810135
863.322103
848.515477
853.825367
851.519618
840.987576
830.244964
822.797782
932.859549
840.211974
835.716291
836.870920
820.614866
828.504247
827.311013
831.722468
828.763950
830.508177
935.137222
938.211553
895.964063
884.540605
956.850565
1031.592616
811.949884
824.047168
856.380291
968.719730
1041.022671
1079.571138
985.351302
944.304064
884.852951
882.540184
899.431459
906.632975
906.401348
906.106549
905.674879
905.587141
905.580122
