0.000 0.001 0.001 -90.001 0.001 -0.001 0.000
-12.101 -2.785 5.067 -84.841 -17.709 -3.977 -5.032
-4.812 9.145 7.720 -100.703 -39.194 -2.924 16.186
-0.240 23.090 5.817 -109.648 -48.698 -7.476 27.835
-10.962 18.215 6.986 -99.145 -27.162 -10.637 44.324
-16.666 14.512 12.468 -97.407 -22.730 -2.366 69.038
-11.500 15.234 10.802 -103.700 -14.710 1.592 44.812
-7.092 5.820 6.986 -93.371 -24.412 6.577 69.060
0.459 9.895 -2.833 -106.089 -14.802 7.525 48.008
6.704 -0.242 -0.519 -93.544 -4.038 8.363 28.565
13.171 -15.295 -16.432 -57.966 -4.037 -11.275 52.902
5.922 -28.959 -16.432 -59.882 -25.508 -0.293 81.516
5.922 -14.437 -12.820 -74.803 -2.743 5.298 60.986
9.778 4.032 -12.820 -91.326 -26.478 9.862 83.246
26.002 9.055 -26.432 -98.591 -9.831 3.562 22.674
35.984 9.057 -37.494 -99.814 -13.171 7.695 -6.243
-16.288 9.057 -8.785 -80.450 48.891 -23.281 -6.243
-25.538 -6.753 -8.784 -62.253 75.530 -44.210 -60.675
-29.539 -21.915 12.303 -62.253 75.530 -33.403 -71.854
-20.081 -6.159 10.846 -80.450 87.913 -5.179 -83.252
-31.984 -10.463 17.255 -82.597 84.551 -6.699 -86.841
-42.589 -13.775 21.261 -81.710 78.232 -13.103 -91.997
-49.243 -20.002 28.258 -76.781 81.582 -15.793 -93.527
-51.150 -25.899 38.995 -75.412 78.085 -14.422 -100.642
-54.040 -32.668 39.582 -69.447 77.552 -12.332 -103.450
-56.188 -23.191 39.580 -70.882 75.561 -15.531 -105.535
-58.065 -17.912 39.580 -72.514 72.109 -14.741 -108.051
-60.005 -10.843 39.581 -79.630 77.328 -17.840 -112.179
-63.479 -6.176 37.957 -82.929 74.899 -20.988 -115.447
-67.058 -2.952 38.205 -84.630 70.367 -21.963 -118.613
-68.345 -3.759 54.966 -84.632 70.367 -5.161 -115.014
-71.156 -4.962 55.329 -86.068 70.367 -7.126 -111.922
-65.969 2.402 55.329 -89.812 75.795 -5.258 -107.887
-63.911 3.174 56.378 -90.485 83.735 -4.066 -102.952
-57.384 4.103 56.650 -90.485 84.700 5.390 -99.908
-54.885 -1.581 55.911 -90.343 81.118 10.040 -96.433
-48.185 -2.826 54.439 -89.508 78.670 13.931 -92.846
-46.869 -5.221 53.546 -89.507 77.751 16.497 -89.353
-45.163 -8.543 53.546 -87.681 72.932 17.994 -82.461
-41.631 -10.606 50.772 -84.760 72.365 19.262 -77.371
-36.387 -13.702 48.444 -83.657 67.722 19.262 -73.703
-34.029 -15.485 47.256 -82.763 61.141 18.899 -69.662
-31.459 -16.534 46.238 -83.061 57.494 23.045 -64.996
-29.986 -18.365 44.274 -82.358 56.999 24.372 -61.549
-26.228 -19.733 42.332 -82.809 55.436 26.278 -58.953
-23.849 -21.090 41.395 -81.979 52.867 27.824 -54.597
-20.078 -25.814 40.231 -79.755 50.104 30.521 -48.290
-16.604 -29.173 38.276 -77.022 47.799 33.861 -43.509
-10.000 -34.362 28.396 -75.170 43.931 37.297 -35.882
4.000 -37.741 20.939 -79.268 38.624 42.340 -15.247
-41.214 -18.156 43.914 -88.247 62.625 14.665 -78.621
-39.025 -20.162 42.887 -87.450 56.109 13.269 -74.018
-36.736 -21.182 41.961 -88.504 52.366 18.509 -70.267
-35.379 -23.317 39.113 -87.106 52.381 19.194 -66.481
-31.455 -25.562 37.822 -87.245 50.819 21.115 -63.224
-28.427 -26.086 35.921 -86.296 47.581 22.101 -59.484
-25.562 -30.060 35.636 -85.579 45.761 25.286 -53.308
-21.289 -34.721 33.955 -82.306 42.383 28.099 -48.240
-15.529 -39.213 23.303 -80.627 38.622 32.197 -40.449
-1.068 -42.483 15.616 -84.293 33.405 38.412 -20.361
0.000 -30.000 0.001 -89.999 0.001 0.001 0.000
0.000 -19.999 0.001 -90.001 0.001 0.001 0.000
-0.001 -10.000 0.000 -90.000 0.001 0.001 0.000
-0.001 9.999 0.001 -90.000 0.001 -0.001 0.000
0.000 19.999 0.000 -90.001 0.001 -0.001 0.000
0.000 0.001 -30.000 -90.001 0.001 -0.001 0.000
0.000 0.001 -20.000 -90.000 0.001 0.001 0.000
0.000 0.001 -10.000 -89.999 0.001 0.001 0.000
0.000 0.001 9.999 -90.000 0.001 -0.001 0.001
0.000 0.001 19.999 -90.000 0.001 -0.002 0.000
0.000 0.001 24.999 -90.000 0.002 0.001 0.000
0.000 0.001 0.000 -108.000 0.001 0.001 0.000
0.000 0.001 -0.001 -100.000 0.001 -0.001 0.000
0.000 0.001 0.001 -80.000 0.001 -0.001 0.000
-0.001 0.001 0.000 -69.999 0.001 -0.001 0.000
-0.001 0.001 0.000 -60.000 0.001 -0.001 0.000
-0.001 0.000 0.000 -90.001 -44.998 -0.001 0.000
0.000 0.001 -0.001 -89.999 -29.999 -0.001 0.000
0.000 0.001 0.000 -90.001 -15.000 0.001 0.000
-0.001 0.001 0.000 -89.999 15.000 -0.004 0.000
0.000 0.001 0.000 -89.999 30.000 0.001 0.000
0.000 0.001 -0.001 -89.999 45.001 0.001 0.000
