21.478206
-31.129361
114.761002
212.139398
137.337685
116.357830
143.075735
63.925739
93.760090
58.110479
-97.725837
-158.598301
-103.467397
15.143539
41.131466
23.461080
0.189514
-119.102267
-170.162139
-63.287008
-88.278234
-106.355724
-135.923352
-138.299291
-171.980066
-154.035937
-133.115744
-85.207412
-60.682951
-44.191760
-19.776093
-25.879132
38.036078
56.836527
84.365130
49.971924
58.254369
42.072015
20.997403
-0.898435
-10.040710
-17.975714
-19.597108
-34.593248
-29.581666
-32.052362
-42.952902
-54.169299
-62.858847
45.785078
-43.419667
-48.175054
-47.073068
-63.750263
-55.969678
-57.317330
-53.344564
-56.868113
-56.411876
47.097635
22.137994
22.120446
22.008142
21.913385
21.857233
21.846705
21.843195
21.846705
21.923914
-119.014529
-170.088440
-63.206289
-119.077701
-170.113006
-63.244894
-119.095248
-170.144592
-63.251913
50.565031
9.865235
-0.435179
73.194357
148.311925
-73.587422
-61.012845
-28.219976
85.024918
157.612129
210.725065
100.428160
59.598512
0.694883
-1.449428
15.554152
22.253808
22.043237
21.748438
21.316768
21.239559
21.232540
