911.212887
858.419316
1004.334246
1101.681056
1026.956552
1006.004773
1032.603355
953.604268
983.210500
947.746894
791.875483
730.950376
786.067242
904.741349
930.683653
913.037833
889.552186
770.235839
719.214571
826.177441
801.207272
782.999930
753.365621
750.979154
717.207131
735.196884
756.110058
804.042956
828.532323
845.009476
869.519899
863.409841
927.367165
946.209728
973.710255
939.425844
947.718818
931.568049
910.482909
888.590580
879.479891
871.534358
869.916474
854.895768
859.865235
857.412087
846.458904
835.214431
826.496806
935.116165
845.816663
841.131466
842.177300
825.556257
833.259634
831.978662
835.933881
832.424370
832.845511
936.386608
911.598933
911.560328
911.451534
911.356777
911.304134
911.293606
911.290096
911.293606
911.367305
770.207763
719.179476
826.152874
770.172668
719.168948
826.096722
770.141082
719.158419
826.061627
939.990875
899.280550
889.018741
962.623710
1037.723731
815.512038
828.065558
861.026883
974.478838
1047.104654
1099.705201
989.576753
948.754124
889.861023
887.716712
904.716782
911.395381
911.195339
910.900540
910.468871
910.374114
910.370604
