0.000 0.000 0.000 -90.000 0.000 -0.001 0.000
-12.100 -2.785 5.068 -84.841 -17.710 -3.974 -5.034
-4.811 9.146 7.721 -100.703 -39.194 -2.925 16.186
-0.239 23.091 5.817 -109.649 -48.698 -7.474 27.834
-10.959 18.214 6.985 -99.146 -27.160 -10.638 44.324
-16.664 14.511 12.468 -97.408 -22.731 -2.362 69.037
-11.500 15.233 10.803 -103.701 -14.709 1.590 44.811
-7.090 5.820 6.985 -93.371 -24.412 6.578 69.059
0.461 9.896 -2.834 -106.089 -14.802 7.526 48.008
6.705 -0.240 -0.520 -93.544 -4.037 8.365 28.564
13.173 -15.296 -16.433 -57.967 -4.037 -11.275 52.900
5.922 -28.958 -16.433 -59.882 -25.508 -0.291 81.516
5.922 -14.436 -12.820 -74.805 -2.744 5.298 60.986
9.778 4.032 -12.821 -91.327 -26.478 9.863 83.244
26.002 9.056 -26.432 -98.591 -9.831 3.562 22.674
35.986 9.055 -37.494 -99.814 -13.171 7.694 -6.243
-16.287 9.056 -8.784 -80.452 48.892 -23.279 -6.244
-25.538 -6.754 -8.784 -62.253 75.531 -44.210 -60.676
-29.538 -21.916 12.303 -62.254 75.531 -33.401 -71.855
-20.081 -6.158 10.847 -80.451 87.914 -5.177 -83.253
-31.982 -10.463 17.255 -82.598 84.551 -6.700 -86.842
-42.587 -13.774 21.261 -81.711 78.232 -13.099 -92.000
-49.242 -20.003 28.258 -76.781 81.582 -15.791 -93.528
-51.148 -25.898 38.994 -75.413 78.084 -14.420 -100.643
-54.039 -32.668 39.581 -69.447 77.552 -12.334 -103.450
-56.187 -23.190 39.582 -70.882 75.561 -15.530 -105.536
-58.065 -17.911 39.581 -72.514 72.109 -14.744 -108.052
-60.003 -10.844 39.581 -79.632 77.329 -17.837 -112.180
-63.477 -6.176 37.958 -82.930 74.897 -20.987 -115.447
-67.058 -2.953 38.206 -84.631 70.367 -21.962 -118.614
-68.344 -3.759 54.966 -84.630 70.367 -5.159 -115.016
-71.154 -4.961 55.329 -86.067 70.366 -7.125 -111.922
-65.969 2.401 55.329 -89.813 75.795 -5.260 -107.887
-63.911 3.173 56.377 -90.484 83.736 -4.070 -102.953
-57.384 4.102 56.651 -90.486 84.700 5.392 -99.910
-54.884 -1.581 55.910 -90.343 81.116 10.040 -96.434
-48.185 -2.826 54.438 -89.507 78.669 13.931 -92.847
-46.868 -5.222 53.545 -89.507 77.752 16.499 -89.352
-45.162 -8.543 53.545 -87.680 72.933 17.996 -82.462
-41.631 -10.606 50.771 -84.760 72.365 19.262 -77.371
-36.387 -13.703 48.444 -83.658 67.722 19.260 -73.703
-34.029 -15.484 47.256 -82.763 61.142 18.897 -69.664
-31.459 -16.534 46.239 -83.060 57.494 23.045 -64.998
-29.987 -18.365 44.275 -82.358 57.000 24.373 -61.548
-26.227 -19.732 42.331 -82.809 55.436 26.279 -58.954
-23.849 -21.090 41.395 -81.979 52.867 27.826 -54.597
-20.078 -25.813 40.231 -79.755 50.104 30.523 -48.290
-16.604 -29.172 38.276 -77.022 47.799 33.861 -43.511
-9.999 -34.362 28.396 -75.170 43.932 37.297 -35.883
4.002 -37.741 20.940 -79.269 38.624 42.340 -15.247
-41.212 -18.155 43.912 -88.248 62.626 14.667 -78.622
-39.024 -20.163 42.887 -87.449 56.111 13.269 -74.019
-36.736 -21.182 41.960 -88.503 52.364 18.510 -70.269
-35.379 -23.317 39.112 -87.106 52.381 19.196 -66.481
-31.454 -25.561 37.822 -87.244 50.820 21.114 -63.226
-28.426 -26.087 35.921 -86.295 47.580 22.103 -59.485
-25.561 -30.060 35.636 -85.578 45.761 25.288 -53.309
-21.289 -34.721 33.955 -82.308 42.383 28.098 -48.240
-15.528 -39.213 23.303 -80.627 38.622 32.198 -40.449
-1.067 -42.483 15.617 -84.293 33.404 38.411 -20.362
