-0.002 -89.999 -0.001 -89.999 0.000 -0.002
-15.851 -123.514 -42.625 -35.951 11.610 -27.289
-23.633 -133.428 -97.032 3.662 18.712 4.741
-28.900 -153.205 -79.150 -10.783 11.781 22.079
-15.292 -150.627 -39.668 -126.104 1.369 22.078
-6.761 -139.178 8.778 -140.350 15.364 44.391
3.715 -142.976 69.504 -109.223 19.549 88.768
28.774 -124.315 40.529 -92.483 -13.949 112.966
66.225 -91.967 -29.813 -93.040 -45.530 133.771
110.240 -96.059 -49.710 -104.663 -60.053 170.826
131.653 -78.990 -76.123 -119.373 -83.264 197.097
140.278 -69.726 -94.341 -120.893 -112.487 158.572
144.752 -97.478 -104.163 -126.087 -141.792 134.493
150.064 -98.879 -63.850 -104.847 -158.482 93.395
159.182 -118.336 -84.288 -140.208 -163.391 62.933
164.691 -145.528 -95.646 -150.660 -165.885 39.510
168.830 -135.354 -68.656 -104.682 -159.988 25.714
171.298 -128.587 -29.655 -141.752 -162.052 15.082
175.209 -121.969 -15.105 -120.041 -169.329 1.556
178.765 -129.461 14.813 -97.802 -176.114 -8.973
179.950 -144.522 37.587 -84.100 -187.895 -23.442
169.060 -155.980 51.045 -74.787 -196.285 -36.036
172.062 -181.944 81.790 -98.809 -190.890 -52.719
169.062 -147.908 50.623 -120.009 -180.310 -71.711
157.427 -135.039 -7.885 -96.755 -175.225 -87.550
148.823 -117.521 -29.277 -130.156 -187.421 -108.956
139.138 -138.588 -47.235 -140.110 -195.162 -122.522
132.832 -161.293 -57.419 -113.895 -188.403 -134.911
127.001 -138.038 -94.467 -124.233 -196.428 -149.887
113.553 -116.687 -115.720 -137.026 -211.921 -166.851
108.596 -98.789 -134.753 -124.798 -220.705 -178.316
98.295 -90.994 -75.867 -143.859 -245.814 -188.442
82.806 -105.758 -44.466 -188.741 -266.493 -195.278
63.213 -115.717 -22.490 -201.725 -285.443 -209.993
59.733 -98.952 -27.960 -171.187 -327.588 -224.146
52.982 -91.534 -43.216 -160.847 -343.892 -202.010
26.158 -86.363 -47.203 -124.973 -353.672 -186.232
2.306 -75.572 -66.300 -76.627 -323.039 -174.560
-1.390 -66.909 -67.988 -90.632 -297.235 -152.240
-5.703 -93.695 -51.956 -115.509 -293.709 -139.028
43.649 -101.922 -50.273 -148.092 -256.207 -123.361
71.766 -92.965 -42.274 -196.845 -237.193 -101.708
99.416 -108.849 -16.953 -191.807 -212.395 -92.858
109.655 -123.012 5.436 -154.472 -198.858 -77.800
93.621 -130.537 22.615 -148.393 -156.333 -65.882
78.100 -141.256 53.822 -131.363 -127.829 -46.561
67.252 -158.107 77.893 -116.027 -103.396 -32.711
60.818 -141.001 89.724 -126.728 -76.608 -23.996
49.173 -119.485 60.341 -135.425 -60.257 -5.629
43.857 -103.851 26.785 -123.885 -44.840 10.737
11.260 -91.463 -4.063 -119.007 -28.093 24.436
-12.435 -83.197 -27.487 -130.499 -4.463 34.900
-8.332 -76.770 -45.971 -85.868 7.401 53.629
-0.439 -105.241 -62.248 -113.884 18.521 70.229
5.307 -105.241 4.802 -84.490 3.840 85.431
15.502 -95.440 -22.215 -62.310 -8.407 94.871
25.685 -85.705 -42.440 -43.895 -16.153 109.183
37.911 -106.870 -37.298 -16.760 -30.107 96.381
20.169 -115.124 14.206 -3.930 0.511 80.602
6.268 -93.529 14.203 -79.839 0.511 80.601
