0.000 -0.001 0.000 -90.001 0.000 0.000 0.000
-12.101 -2.786 5.070 -84.841 -17.709 -3.973 -5.034
-4.812 9.145 7.721 -100.703 -39.194 -2.922 16.184
-0.240 23.089 5.819 -109.648 -48.698 -7.474 27.832
-10.962 18.213 6.987 -99.146 -27.161 -10.635 44.323
-16.665 14.509 12.469 -97.408 -22.729 -2.365 69.036
-11.501 15.233 10.804 -103.701 -14.711 1.594 44.810
-7.092 5.820 6.987 -93.371 -24.412 6.579 69.057
0.460 9.894 -2.832 -106.089 -14.802 7.526 48.006
6.704 -0.242 -0.519 -93.544 -4.038 8.365 28.563
13.171 -15.296 -16.431 -57.965 -4.037 -11.273 52.899
5.922 -28.959 -16.431 -59.882 -25.508 -0.292 81.516
5.922 -14.437 -12.818 -74.805 -2.745 5.299 60.985
9.778 4.032 -12.818 -91.327 -26.480 9.863 83.243
26.002 9.055 -26.430 -98.591 -9.831 3.565 22.672
35.984 9.056 -37.492 -99.814 -13.171 7.694 -6.244
-16.288 9.056 -8.782 -80.452 48.891 -23.279 -6.244
-25.538 -6.754 -8.782 -62.252 75.531 -44.209 -60.676
-29.538 -21.916 12.305 -62.252 75.531 -33.401 -71.856
-20.081 -6.159 10.849 -80.451 87.913 -5.178 -83.254
-31.982 -10.464 17.257 -82.597 84.551 -6.698 -86.842
-42.589 -13.774 21.263 -81.711 78.232 -13.099 -92.000
-49.243 -20.003 28.260 -76.781 81.582 -15.793 -93.529
-51.150 -25.900 38.995 -75.410 78.084 -14.422 -100.644
-54.040 -32.669 39.582 -69.447 77.551 -12.329 -103.450
-56.188 -23.191 39.582 -70.881 75.561 -15.529 -105.537
-58.065 -17.911 39.584 -72.514 72.109 -14.739 -108.053
-60.003 -10.844 39.582 -79.632 77.330 -17.839 -112.181
-63.478 -6.177 37.958 -82.929 74.898 -20.987 -115.447
-67.058 -2.953 38.206 -84.630 70.367 -21.960 -118.614
-68.343 -3.760 54.966 -84.630 70.367 -5.159 -115.017
-71.156 -4.962 55.330 -86.067 70.367 -7.125 -111.923
-65.970 2.401 55.330 -89.812 75.795 -5.257 -107.888
-63.912 3.172 56.378 -90.484 83.736 -4.066 -102.954
-57.384 4.101 56.652 -90.484 84.700 5.392 -99.910
-54.884 -1.581 55.911 -90.341 81.118 10.042 -96.435
-48.186 -2.828 54.439 -89.508 78.670 13.929 -92.847
-46.868 -5.222 53.547 -89.507 77.752 16.499 -89.353
-45.163 -8.545 53.547 -87.680 72.933 17.996 -82.463
-41.631 -10.607 50.773 -84.760 72.366 19.263 -77.372
-36.387 -13.703 48.445 -83.658 67.723 19.263 -73.705
-34.028 -15.485 47.258 -82.763 61.142 18.899 -69.664
-31.459 -16.534 46.240 -83.061 57.494 23.047 -64.998
-29.987 -18.366 44.276 -82.359 57.000 24.374 -61.551
-26.228 -19.733 42.333 -82.809 55.436 26.280 -58.954
-23.849 -21.091 41.396 -81.979 52.866 27.826 -54.597
-20.078 -25.815 40.232 -79.755 50.104 30.523 -48.290
-16.604 -29.173 38.278 -77.021 47.799 33.861 -43.511
-10.000 -34.362 28.398 -75.169 43.932 37.299 -35.884
4.002 -37.741 20.941 -79.267 38.625 42.341 -15.248
-41.214 -18.156 43.914 -88.248 62.626 14.669 -78.622
-39.025 -20.163 42.888 -87.451 56.110 13.269 -74.020
-36.738 -21.182 41.962 -88.504 52.365 18.512 -70.269
-35.379 -23.318 39.113 -87.106 52.381 19.194 -66.482
-31.454 -25.562 37.824 -87.245 50.820 21.116 -63.226
-28.427 -26.086 35.923 -86.295 47.580 22.100 -59.484
-25.562 -30.060 35.637 -85.578 45.761 25.288 -53.310
-21.289 -34.722 33.956 -82.307 42.383 28.098 -48.241
-15.528 -39.214 23.305 -80.627 38.622 32.199 -40.449
-1.068 -42.484 15.618 -84.291 33.404 38.415 -20.363
