0.001 0.000 -0.001 -90.000 0.000 0.000 0.000
-12.099 -2.785 5.067 -84.842 -17.708 -3.976 -5.034
-4.810 9.146 7.721 -100.703 -39.194 -2.925 16.184
-0.239 23.091 5.817 -109.649 -48.698 -7.476 27.834
-10.960 18.214 6.985 -99.144 -27.161 -10.638 44.322
-16.664 14.511 12.467 -97.406 -22.731 -2.362 69.036
-11.500 15.233 10.802 -103.701 -14.709 1.593 44.810
-7.090 5.821 6.986 -93.370 -24.412 6.576 69.057
0.461 9.895 -2.833 -106.089 -14.801 7.523 48.006
6.706 -0.240 -0.520 -93.544 -4.037 8.363 28.563
13.173 -15.296 -16.433 -57.967 -4.038 -11.275 52.899
5.922 -28.958 -16.433 -59.882 -25.508 -0.291 81.516
5.922 -14.437 -12.820 -74.806 -2.744 5.298 60.986
9.779 4.032 -12.820 -91.327 -26.478 9.860 83.243
26.003 9.056 -26.432 -98.590 -9.831 3.562 22.673
35.986 9.056 -37.494 -99.814 -13.170 7.694 -6.243
-16.287 9.056 -8.784 -80.452 48.891 -23.281 -6.244
-25.536 -6.754 -8.784 -62.252 75.531 -44.209 -60.677
-29.537 -21.915 12.303 -62.253 75.531 -33.401 -71.855
-20.079 -6.159 10.846 -80.452 87.915 -5.180 -83.254
-31.982 -10.463 17.257 -82.597 84.551 -6.699 -86.843
-42.586 -13.775 21.262 -81.711 78.232 -13.099 -92.000
-49.241 -20.002 28.260 -76.781 81.582 -15.791 -93.528
-51.148 -25.899 38.993 -75.412 78.084 -14.423 -100.644
-54.039 -32.668 39.581 -69.447 77.552 -12.335 -103.451
-56.187 -23.190 39.581 -70.882 75.561 -15.530 -105.537
-58.064 -17.910 39.581 -72.514 72.109 -14.744 -108.053
-60.003 -10.844 39.582 -79.630 77.329 -17.840 -112.181
-63.476 -6.175 37.958 -82.929 74.898 -20.987 -115.448
-67.056 -2.953 38.205 -84.630 70.367 -21.962 -118.615
-68.343 -3.759 54.965 -84.631 70.367 -5.162 -115.017
-71.154 -4.961 55.329 -86.068 70.367 -7.125 -111.923
-65.968 2.402 55.329 -89.811 75.795 -5.261 -107.888
-63.909 3.173 56.376 -90.485 83.736 -4.066 -102.954
-57.382 4.103 56.651 -90.485 84.699 5.389 -99.910
-54.882 -1.581 55.910 -90.343 81.118 10.039 -96.435
-48.183 -2.826 54.438 -89.508 78.669 13.929 -92.848
-46.868 -5.221 53.546 -89.507 77.752 16.499 -89.353
-45.163 -8.543 53.545 -87.680 72.934 17.991 -82.463
-41.630 -10.606 50.771 -84.758 72.366 19.260 -77.372
-36.385 -13.703 48.443 -83.658 67.722 19.262 -73.705
-34.027 -15.484 47.256 -82.763 61.142 18.894 -69.664
-31.457 -16.534 46.239 -83.060 57.494 23.045 -64.998
-29.984 -18.365 44.275 -82.358 57.000 24.371 -61.549
-26.227 -19.732 42.331 -82.809 55.435 26.279 -58.955
-23.847 -21.090 41.395 -81.980 52.867 27.824 -54.598
-20.076 -25.814 40.230 -79.753 50.104 30.523 -48.290
-16.603 -29.172 38.276 -77.021 47.799 33.860 -43.511
-9.998 -34.362 28.396 -75.170 43.932 37.297 -35.883
4.002 -37.741 20.940 -79.268 38.625 42.340 -15.248
-41.213 -18.155 43.913 -88.248 62.625 14.667 -78.622
-39.023 -20.163 42.887 -87.450 56.110 13.269 -74.020
-36.736 -21.182 41.961 -88.504 52.365 18.507 -70.269
-35.377 -23.317 39.113 -87.106 52.381 19.194 -66.482
-31.452 -25.562 37.823 -87.245 50.820 21.113 -63.226
-28.424 -26.086 35.921 -86.296 47.579 22.100 -59.485
-25.560 -30.060 35.636 -85.579 45.761 25.286 -53.311
-21.289 -34.721 33.956 -82.307 42.383 28.098 -48.241
-15.526 -39.213 23.305 -80.627 38.622 32.199 -40.449
-1.066 -42.483 15.617 -84.293 33.404 38.414 -20.363
