0.000 0.000 0.000 -90.000 0.000 -0.001 0.000
-12.101 -2.786 5.068 -84.841 -17.708 -3.977 -5.032
-4.811 9.145 7.721 -100.703 -39.194 -2.922 16.186
-0.240 23.089 5.818 -109.649 -48.698 -7.475 27.835
-10.961 18.213 6.987 -99.146 -27.161 -10.638 44.324
-16.666 14.509 12.467 -97.406 -22.729 -2.359 69.038
-11.501 15.233 10.803 -103.701 -14.709 1.593 44.811
-7.091 5.820 6.987 -93.371 -24.412 6.578 69.059
0.461 9.895 -2.833 -106.090 -14.803 7.523 48.008
6.705 -0.242 -0.519 -93.544 -4.037 8.365 28.564
13.172 -15.296 -16.431 -57.967 -4.037 -11.275 52.902
5.922 -28.958 -16.433 -59.882 -25.508 -0.291 81.516
5.922 -14.437 -12.820 -74.805 -2.744 5.298 60.986
9.778 4.031 -12.819 -91.327 -26.478 9.863 83.245
26.002 9.055 -26.431 -98.591 -9.831 3.561 22.674
35.985 9.056 -37.494 -99.814 -13.171 7.696 -6.243
-16.288 9.055 -8.784 -80.451 48.890 -23.281 -6.243
-25.538 -6.755 -8.784 -62.252 75.531 -44.209 -60.676
-29.539 -21.916 12.303 -62.252 75.531 -33.401 -71.854
-20.081 -6.159 10.847 -80.451 87.913 -5.180 -83.252
-31.983 -10.463 17.257 -82.598 84.551 -6.699 -86.841
-42.588 -13.775 21.262 -81.711 78.232 -13.098 -91.997
-49.243 -20.003 28.260 -76.781 81.582 -15.794 -93.527
-51.149 -25.900 38.993 -75.413 78.084 -14.421 -100.643
-54.040 -32.668 39.582 -69.446 77.551 -12.333 -103.450
-56.188 -23.192 39.582 -70.882 75.561 -15.529 -105.535
-58.065 -17.913 39.582 -72.515 72.109 -14.740 -108.051
-60.004 -10.844 39.582 -79.632 77.329 -17.839 -112.179
-63.478 -6.177 37.958 -82.929 74.897 -20.985 -115.447
-67.058 -2.953 38.206 -84.630 70.367 -21.962 -118.613
-68.344 -3.760 54.966 -84.630 70.367 -5.162 -115.014
-71.156 -4.962 55.330 -86.067 70.367 -7.125 -111.920
-65.969 2.401 55.330 -89.811 75.795 -5.260 -107.888
-63.912 3.173 56.376 -90.485 83.735 -4.068 -102.953
-57.384 4.102 56.651 -90.485 84.700 5.390 -99.908
-54.884 -1.582 55.911 -90.343 81.118 10.042 -96.433
-48.185 -2.826 54.439 -89.507 78.669 13.929 -92.846
-46.868 -5.222 53.546 -89.507 77.752 16.499 -89.352
-45.163 -8.545 53.545 -87.680 72.933 17.993 -82.461
-41.631 -10.607 50.772 -84.760 72.366 19.265 -77.371
-36.387 -13.703 48.445 -83.657 67.723 19.262 -73.705
-34.029 -15.485 47.258 -82.763 61.142 18.897 -69.662
-31.459 -16.534 46.239 -83.061 57.494 23.049 -64.996
-29.986 -18.366 44.275 -82.358 57.000 24.373 -61.548
-26.228 -19.733 42.332 -82.810 55.436 26.280 -58.953
-23.849 -21.091 41.396 -81.978 52.867 27.824 -54.597
-20.078 -25.815 40.231 -79.755 50.104 30.521 -48.289
-16.604 -29.173 38.278 -77.021 47.799 33.861 -43.511
-10.000 -34.362 28.397 -75.170 43.932 37.297 -35.882
4.002 -37.741 20.940 -79.267 38.625 42.340 -15.246
-41.214 -18.156 43.913 -88.248 62.626 14.667 -78.621
-39.025 -20.163 42.888 -87.451 56.111 13.267 -74.018
-36.737 -21.182 41.961 -88.504 52.364 18.510 -70.269
-35.379 -23.317 39.112 -87.106 52.381 19.197 -66.481
-31.454 -25.562 37.823 -87.245 50.820 21.116 -63.224
-28.426 -26.087 35.923 -86.295 47.580 22.100 -59.483
-25.562 -30.061 35.637 -85.579 45.761 25.286 -53.308
-21.289 -34.722 33.955 -82.308 42.383 28.100 -48.240
-15.528 -39.214 23.305 -80.627 38.622 32.200 -40.448
-1.068 -42.484 15.617 -84.293 33.405 38.412 -20.360
