-0.001 0.000 0.000 -89.999 0.001 -0.001 0.000
-12.101 -2.785 5.067 -84.841 -17.709 -3.977 -5.032
-4.812 9.146 7.721 -100.701 -39.194 -2.923 16.186
-0.240 23.091 5.817 -109.648 -48.698 -7.476 27.834
-10.960 18.213 6.985 -99.144 -27.161 -10.635 44.324
-16.666 14.511 12.467 -97.406 -22.729 -2.363 69.038
-11.501 15.233 10.802 -103.700 -14.711 1.592 44.813
-7.092 5.820 6.985 -93.371 -24.412 6.578 69.059
0.460 9.895 -2.833 -106.089 -14.802 7.524 48.008
6.704 -0.242 -0.520 -93.543 -4.037 8.362 28.564
13.171 -15.296 -16.433 -57.965 -4.037 -11.275 52.902
5.922 -28.957 -16.433 -59.882 -25.508 -0.292 81.516
5.920 -14.436 -12.820 -74.804 -2.744 5.298 60.986
9.778 4.033 -12.821 -91.325 -26.478 9.862 83.245
26.001 9.056 -26.433 -98.590 -9.831 3.563 22.674
35.984 9.056 -37.494 -99.812 -13.170 7.693 -6.243
-16.289 9.056 -8.784 -80.451 48.891 -23.280 -6.243
-25.538 -6.754 -8.784 -62.252 75.531 -44.210 -60.675
-29.539 -21.915 12.305 -62.252 75.531 -33.403 -71.853
-20.081 -6.158 10.846 -80.450 87.913 -5.180 -83.252
-31.983 -10.463 17.255 -82.596 84.551 -6.702 -86.841
-42.589 -13.775 21.261 -81.711 78.232 -13.102 -91.997
-49.243 -20.002 28.258 -76.781 81.582 -15.793 -93.527
-51.150 -25.898 38.993 -75.412 78.085 -14.420 -100.641
-54.040 -32.668 39.581 -69.445 77.552 -12.332 -103.450
-56.187 -23.190 39.581 -70.882 75.561 -15.532 -105.535
-58.065 -17.911 39.581 -72.513 72.110 -14.741 -108.051
-60.005 -10.844 39.581 -79.630 77.329 -17.839 -112.179
-63.478 -6.177 37.958 -82.928 74.897 -20.987 -115.447
-67.058 -2.953 38.205 -84.630 70.367 -21.960 -118.612
-68.344 -3.759 54.966 -84.630 70.366 -5.164 -115.016
-71.156 -4.961 55.329 -86.066 70.368 -7.125 -111.921
-65.969 2.402 55.329 -89.812 75.795 -5.260 -107.887
-63.912 3.173 56.376 -90.485 83.735 -4.066 -102.953
-57.384 4.103 56.651 -90.485 84.700 5.392 -99.910
-54.884 -1.581 55.909 -90.342 81.118 10.042 -96.433
-48.186 -2.826 54.439 -89.507 78.669 13.928 -92.846
-46.868 -5.221 53.545 -89.507 77.752 16.497 -89.352
-45.163 -8.543 53.545 -87.679 72.933 17.996 -82.461
-41.631 -10.606 50.771 -84.760 72.366 19.260 -77.371
-36.387 -13.703 48.444 -83.656 67.722 19.259 -73.703
-34.029 -15.484 47.256 -82.763 61.142 18.897 -69.662
-31.459 -16.534 46.239 -83.061 57.494 23.044 -64.996
-29.986 -18.365 44.275 -82.357 57.000 24.373 -61.548
-26.228 -19.731 42.331 -82.809 55.437 26.277 -58.953
-23.849 -21.090 41.395 -81.978 52.866 27.824 -54.595
-20.078 -25.813 40.231 -79.754 50.104 30.523 -48.290
-16.603 -29.172 38.276 -77.021 47.799 33.861 -43.510
-10.000 -34.362 28.397 -75.169 43.932 37.299 -35.882
4.002 -37.739 20.940 -79.268 38.625 42.339 -15.247
-41.215 -18.155 43.912 -88.248 62.625 14.665 -78.620
-39.025 -20.163 42.886 -87.450 56.110 13.267 -74.018
-36.738 -21.182 41.960 -88.504 52.365 18.510 -70.267
-35.379 -23.316 39.112 -87.105 52.381 19.194 -66.481
-31.454 -25.562 37.822 -87.243 50.819 21.116 -63.224
-28.426 -26.086 35.921 -86.295 47.579 22.102 -59.483
-25.562 -30.060 35.637 -85.578 45.761 25.285 -53.308
-21.289 -34.721 33.955 -82.307 42.383 28.095 -48.241
-15.528 -39.213 23.305 -80.626 38.622 32.198 -40.448
-1.068 -42.483 15.617 -84.293 33.404 38.412 -20.361
