'ConfigVersion="3.2.0"
0 -90 0 -90 0 0 
-15.849 -123.51 -42.626 -35.954 11.61 -27.289 
-23.632 -133.427 -97.031 3.661 18.712 4.742 
-28.9 -153.204 -79.152 -10.784 11.784 22.08 
-15.292 -150.627 -39.67 -126.105 1.371 22.08 
-6.763 -139.177 8.777 -140.351 15.364 44.393 
3.718 -142.975 69.503 -109.225 19.549 88.769 
28.775 -124.314 40.529 -92.485 -13.949 112.967 
66.226 -91.967 -29.814 -93.041 -45.529 133.772 
110.24 -96.061 -49.709 -104.664 -60.053 170.827
131.653 -78.99 -76.124 -119.374 -83.263 197.097 
140.28 -69.727 -94.343 -120.894 -112.486 158.574 
144.752 -97.478 -104.165 -126.089 -141.79 134.496
150.066 -98.877 -63.853 -104.849 -158.481 93.398
159.182 -118.334 -84.288 -140.21 -163.39 62.935
164.689 -145.529 -95.648 -150.662 -165.884 39.512 
168.829 -135.353 -68.656 -104.684 -159.988 25.716 
171.299 -128.585 -29.659 -141.753 -162.051 15.084
175.211 -121.968 -15.106 -120.044 -169.327 1.557 
178.764 -129.46 14.812 -97.805 -176.112 -8.971
179.951 -144.521 37.585 -84.102 -187.894 -23.441 
169.062 -155.979 51.045 -74.787 -196.282 -36.035 
172.062 -181.943 81.79 -98.81 -190.89 -52.718 
169.062 -147.908 50.624 -120.011 -180.31 -71.711 
157.431 -135.041 -7.887 -96.757 -175.225 -87.55 
148.823 -117.521 -29.276 -130.156 -187.419 -108.955 
139.138 -138.588 -47.235 -140.112 -195.16 -122.522
132.836 -161.291 -57.419 -113.896 -188.402 -134.911 
127.002 -138.037 -94.47 -124.234 -196.427 -149.886 
113.556 -116.686 -115.721 -137.028 -211.919 -166.85 
108.598 -98.788 -134.754 -124.799 -220.704 -178.316 
98.298 -90.995 -75.872 -143.86 -245.812 -188.441
82.807 -105.757 -44.466 -188.742 -266.492 -195.277 
63.213 -115.716 -22.492 -201.726 -285.441 -209.993 
59.735 -98.952 -27.959 -171.19 -327.587 -224.144 
52.984 -91.534 -43.216 -160.85 -343.891 -202.01
26.162 -86.362 -47.203 -124.974 -353.672 -186.235
2.305 -75.571 -66.3 -76.628 -323.039 -174.56 
-1.388 -66.909 -67.989 -90.632 -297.235 -152.24
-5.703 -93.693 -51.959 -115.51 -293.71 -139.029
43.648 -101.92 -50.276 -148.093 -256.206 -123.362 
71.767 -92.963 -42.275 -196.847 -237.193 -101.708
99.417 -108.849 -16.955 -191.809 -212.395 -92.859
109.656 -123.01 5.438 -154.474 -198.858 -77.8 
93.623 -130.535 22.616 -148.395 -156.333 -65.882
78.102 -141.255 53.82 -131.365 -127.829 -46.56 
67.254 -158.104 77.892 -116.03 -103.395 -32.711
60.82 -140.999 89.723 -126.728 -76.608 -23.996
49.175 -119.484 60.341 -135.426 -60.258 -5.628
43.859 -103.85 26.784 -123.888 -44.84 10.738 
11.262 -91.462 -4.062 -119.01 -28.093 24.439
-12.434 -83.197 -27.489 -130.5 -4.462 34.901 
-8.332 -76.77 -45.97 -85.871 7.4 53.63
-0.44 -105.241 -62.249 -113.885 18.522 70.229 
5.307 -105.241 4.801 -84.493 3.842 85.432 
15.503 -95.442 -22.216 -62.312 -8.405 94.872 
25.684 -85.706 -42.441 -43.897 -16.151 109.183 
37.912 -106.868 -37.299 -16.762 -30.105 96.383
20.17 -115.124 14.202 -3.932 0.512 80.605
6.271 -93.528 14.202 -79.839 0.512 80.603 


