905.931073
853.095389
998.568120
1095.764020
1020.948270
999.915772
1026.861795
947.922370
978.353338
942.956412
787.734260
728.809574
782.420861
899.957886
926.349407
909.366884
884.326525
765.610304
715.796308
820.913175
796.697550
779.700990
750.923001
748.368077
716.189373
732.663017
753.095389
800.375518
825.128097
841.829859
864.683793
858.935214
921.857233
940.341826
967.375588
932.912192
940.854215
924.749070
903.737629
881.901453
872.759177
865.055801
863.501088
848.736576
853.983295
851.656489
841.156033
830.416930
822.969748
933.045553
840.492735
835.884748
837.018320
820.793851
828.686741
827.461922
831.855829
828.925388
830.659086
935.302169
938.408086
896.164105
884.744157
957.040079
1031.718958
812.132379
824.226153
856.418895
968.870639
1041.187618
1079.760651
985.523268
944.479540
885.031937
882.698112
899.578859
906.776865
906.552257
906.250439
905.825788
905.734541
905.727522
