0.000 0.000 0.000 -90.000 0.000 0.000 0.000
-12.100 -2.786 5.068 -84.840 -17.709 -3.973 -5.032
-4.809 9.146 7.721 -100.703 -39.195 -2.920 16.186
-0.239 23.089 5.818 -109.648 -48.698 -7.474 27.834
-10.960 18.214 6.986 -99.145 -27.161 -10.633 44.323
-16.666 14.510 12.468 -97.406 -22.729 -2.363 69.037
-11.500 15.233 10.803 -103.700 -14.709 1.594 44.810
-7.090 5.820 6.987 -93.370 -24.412 6.579 69.058
0.461 9.895 -2.833 -106.089 -14.803 7.526 48.008
6.706 -0.242 -0.519 -93.543 -4.037 8.362 28.564
13.173 -15.296 -16.433 -57.965 -4.037 -11.275 52.900
5.922 -28.960 -16.433 -59.882 -25.508 -0.289 81.516
5.922 -14.437 -12.818 -74.804 -2.744 5.301 60.986
9.778 4.032 -12.820 -91.327 -26.478 9.863 83.245
26.003 9.056 -26.431 -98.590 -9.831 3.563 22.674
35.986 9.055 -37.494 -99.814 -13.171 7.696 -6.243
-16.287 9.056 -8.784 -80.452 48.890 -23.280 -6.244
-25.538 -6.755 -8.784 -62.252 75.531 -44.209 -60.675
-29.538 -21.916 12.305 -62.252 75.531 -33.404 -71.854
-20.080 -6.159 10.846 -80.451 87.914 -5.177 -83.253
-31.982 -10.464 17.255 -82.597 84.551 -6.698 -86.841
-42.589 -13.775 21.262 -81.711 78.232 -13.098 -91.998
-49.242 -20.003 28.260 -76.781 81.582 -15.791 -93.528
-51.148 -25.900 38.994 -75.412 78.084 -14.420 -100.644
-54.039 -32.669 39.581 -69.445 77.552 -12.334 -103.451
-56.187 -23.190 39.582 -70.881 75.560 -15.532 -105.536
-58.064 -17.913 39.582 -72.513 72.109 -14.738 -108.052
-60.002 -10.844 39.582 -79.630 77.329 -17.836 -112.180
-63.476 -6.177 37.958 -82.928 74.899 -20.987 -115.447
-67.058 -2.953 38.206 -84.630 70.367 -21.960 -118.614
-68.343 -3.760 54.965 -84.630 70.367 -5.159 -115.016
-71.156 -4.961 55.330 -86.067 70.367 -7.125 -111.922
-65.970 2.401 55.330 -89.811 75.795 -5.257 -107.888
-63.910 3.172 56.377 -90.484 83.736 -4.066 -102.953
-57.384 4.101 56.651 -90.483 84.700 5.394 -99.910
-54.883 -1.582 55.910 -90.341 81.118 10.044 -96.434
-48.185 -2.828 54.440 -89.506 78.669 13.932 -92.847
-46.868 -5.222 53.546 -89.506 77.752 16.499 -89.352
-45.162 -8.545 53.545 -87.679 72.933 17.996 -82.463
-41.631 -10.607 50.772 -84.760 72.366 19.263 -77.371
-36.387 -13.703 48.444 -83.658 67.722 19.262 -73.705
-34.028 -15.485 47.258 -82.761 61.142 18.899 -69.663
-31.459 -16.534 46.239 -83.059 57.494 23.047 -64.998
-29.987 -18.366 44.275 -82.356 57.000 24.373 -61.549
-26.228 -19.734 42.332 -82.809 55.437 26.282 -58.954
-23.849 -21.091 41.396 -81.978 52.866 27.826 -54.597
-20.076 -25.815 40.232 -79.754 50.104 30.523 -48.290
-16.603 -29.172 38.277 -77.021 47.799 33.863 -43.511
-9.999 -34.362 28.398 -75.168 43.932 37.297 -35.883
4.002 -37.741 20.940 -79.268 38.625 42.340 -15.247
-41.213 -18.156 43.913 -88.248 62.626 14.669 -78.621
-39.024 -20.163 42.888 -87.449 56.110 13.269 -74.018
-36.736 -21.182 41.962 -88.503 52.365 18.510 -70.269
-35.379 -23.318 39.114 -87.105 52.381 19.197 -66.481
-31.454 -25.562 37.823 -87.244 50.820 21.116 -63.225
-28.426 -26.087 35.921 -86.295 47.580 22.103 -59.485
-25.561 -30.061 35.637 -85.578 45.761 25.288 -53.309
-21.289 -34.722 33.955 -82.307 42.383 28.098 -48.240
-15.527 -39.214 23.305 -80.627 38.622 32.201 -40.449
-1.067 -42.484 15.618 -84.293 33.404 38.414 -20.362
0.000 0.000 0.000 -90.000 0.000 0.001 -80.000
0.000 0.000 0.000 -90.000 0.000 0.001 -59.999
0.000 0.000 0.000 -90.000 0.000 0.000 -39.998
0.000 0.000 0.000 -89.998 0.000 0.000 -20.001
0.000 0.000 0.000 -90.000 0.000 0.001 0.000
0.000 0.000 0.000 -90.000 0.000 0.000 19.999
0.000 0.000 0.000 -89.999 0.000 0.001 40.000
0.000 0.000 0.000 -90.000 0.000 0.001 59.999
0.000 0.000 0.000 -90.000 0.001 0.001 80.000
-25.538 -6.754 -8.784 -62.252 75.531 -44.209 -60.676
-29.538 -21.916 12.303 -62.253 75.531 -33.400 -71.854
-20.081 -6.158 10.847 -80.451 87.913 -5.175 -83.253
-25.538 -6.755 -8.784 -62.252 75.531 -44.210 -60.676
-29.537 -21.916 12.305 -62.252 75.530 -33.400 -71.854
-20.080 -6.158 10.847 -80.451 87.914 -5.177 -83.252
-25.536 -6.754 -8.782 -62.252 75.531 -44.209 -60.677
-29.538 -21.916 12.305 -62.252 75.531 -33.400 -71.854
-20.080 -6.159 10.847 -80.450 87.913 -5.177 -83.253
0.000 -30.000 0.000 -90.000 0.000 0.001 0.000
0.000 -20.001 0.000 -90.000 0.000 0.001 0.000
0.000 -9.999 0.000 -90.000 0.000 0.000 0.000
0.000 9.998 0.000 -90.000 0.001 0.000 0.000
0.000 19.998 0.000 -90.000 0.000 -0.001 0.000
0.000 0.000 -29.998 -89.999 0.001 0.001 0.000
0.000 0.000 -20.001 -90.001 0.000 0.000 0.000
-0.001 0.000 -9.999 -90.000 0.000 0.000 0.000
0.000 0.000 9.999 -90.000 0.000 -0.003 0.000
0.000 0.000 19.999 -89.999 0.000 0.003 0.000
0.000 0.000 27.544 -90.000 0.000 0.001 0.000
0.000 0.000 0.000 -108.000 0.000 0.001 0.000
0.000 0.000 0.000 -99.999 0.000 0.001 0.000
0.000 0.000 0.000 -80.000 0.001 0.000 0.000
0.000 0.000 0.000 -69.999 0.001 0.001 0.000
0.000 0.000 0.000 -59.999 0.000 0.001 0.000
0.000 0.000 0.000 -90.000 -44.998 0.000 0.000
0.000 0.000 0.000 -90.000 -29.998 0.001 0.000
-0.001 0.000 0.000 -90.000 -14.999 0.000 0.000
0.000 0.000 0.000 -90.000 15.000 0.000 0.000
0.000 -0.001 0.000 -89.999 30.000 0.001 0.000
-0.001 0.000 0.000 -90.000 45.000 0.001 0.000
