905.064224
852.218011
997.680213
1094.837510
1020.004211
998.968204
1025.868604
946.939707
977.395241
942.015863
786.772654
727.869025
781.554011
899.115603
925.486067
908.500035
883.466695
764.652207
714.855759
820.007721
795.778059
778.795536
750.021057
747.431038
715.276900
731.725977
752.161859
799.420931
824.201586
840.896329
863.718678
857.889380
920.793851
939.313540
966.305187
931.883905
939.825928
923.713764
902.733909
880.869657
871.727381
864.013477
862.518425
847.725837
853.035727
850.712431
840.173370
829.441286
822.008142
932.108514
839.489015
834.930161
836.105847
819.814698
827.721626
826.503825
830.911771
827.946234
829.672914
934.358110
937.435951
895.160385
883.754475
956.067944
1030.774900
811.167263
823.275075
855.597670
968.010809
1040.226012
1078.785007
984.544115
943.503896
884.070331
881.754053
898.634800
905.829297
905.604689
905.306380
904.874710
904.786973
904.779954
