1487.797431
1657.727943
1663.743244
1797.722328
1707.475258
1617.000070
1424.212115
1393.398610
1316.585948
1333.835193
1519.590089
1532.842002
1438.818699
1436.618235
1456.067944
1508.879062
1546.697550
1598.304906
1680.518706
1738.495824
1728.030463
1632.631431
1605.060715
1637.558784
1494.458482
1422.853934
1198.817295
1141.285885
1179.104373
1197.827613
1256.159191
1191.327999
1077.563698
1069.179476
1238.471257
1229.802765
1328.156805
1482.691093
1551.077420
1646.841440
1319.814698
1280.002808
1251.726679
1274.324419
1200.322875
1218.867130
1174.619218
1362.595634
1412.455254
1436.853373
1455.176528
1520.460448
1497.722328
1487.116586
1480.778409
1442.531761
1417.649330
1297.195901
1398.259283
1483.793079
