0.000 0.000 0.000 -90.000 0.001 -0.001 0.000
-12.099 -2.785 5.067 -84.840 -17.709 -3.976 -5.034
-4.809 9.147 7.721 -100.703 -39.194 -2.923 16.186
-0.239 23.091 5.817 -109.649 -48.698 -7.474 27.834
-10.960 18.215 6.986 -99.146 -27.161 -10.638 44.323
-16.666 14.512 12.467 -97.406 -22.729 -2.365 69.037
-11.500 15.234 10.804 -103.701 -14.709 1.593 44.811
-7.090 5.821 6.986 -93.371 -24.412 6.581 69.059
0.461 9.896 -2.834 -106.091 -14.803 7.526 48.006
6.705 -0.240 -0.520 -93.544 -4.037 8.365 28.564
13.173 -15.294 -16.433 -57.967 -4.037 -11.275 52.901
5.922 -28.957 -16.433 -59.882 -25.508 -0.294 81.516
5.922 -14.437 -12.820 -74.804 -2.742 5.299 60.986
9.778 4.033 -12.820 -91.327 -26.478 9.862 83.244
26.002 9.057 -26.432 -98.589 -9.831 3.562 22.673
35.984 9.057 -37.494 -99.814 -13.171 7.693 -6.243
-16.288 9.056 -8.784 -80.451 48.891 -23.283 -6.243
-25.538 -6.752 -8.784 -62.254 75.530 -44.210 -60.677
-29.538 -21.915 12.305 -62.253 75.531 -33.404 -71.854
-20.080 -6.158 10.848 -80.450 87.913 -5.180 -83.253
-31.981 -10.462 17.257 -82.597 84.551 -6.700 -86.842
-42.587 -13.774 21.262 -81.711 78.231 -13.101 -91.998
-49.243 -20.001 28.260 -76.781 81.582 -15.794 -93.529
-51.148 -25.898 38.994 -75.411 78.084 -14.422 -100.643
-54.040 -32.668 39.581 -69.447 77.552 -12.335 -103.450
-56.187 -23.189 39.582 -70.881 75.560 -15.530 -105.536
-58.065 -17.910 39.581 -72.515 72.109 -14.742 -108.052
-60.003 -10.842 39.581 -79.632 77.328 -17.837 -112.181
-63.478 -6.175 37.958 -82.929 74.898 -20.987 -115.448
-67.058 -2.951 38.205 -84.631 70.367 -21.962 -118.614
-68.343 -3.758 54.967 -84.630 70.367 -5.161 -115.017
-71.154 -4.960 55.330 -86.067 70.367 -7.125 -111.922
-65.968 2.403 55.330 -89.812 75.795 -5.261 -107.888
-63.911 3.174 56.376 -90.485 83.736 -4.068 -102.953
-57.384 4.103 56.652 -90.486 84.700 5.389 -99.910
-54.883 -1.580 55.910 -90.343 81.118 10.040 -96.434
-48.184 -2.826 54.439 -89.508 78.669 13.929 -92.847
-46.868 -5.221 53.547 -89.507 77.752 16.497 -89.353
-45.162 -8.543 53.545 -87.680 72.933 17.994 -82.462
-41.633 -10.605 50.772 -84.760 72.366 19.262 -77.371
-36.387 -13.701 48.445 -83.658 67.722 19.262 -73.705
-34.028 -15.483 47.258 -82.763 61.142 18.897 -69.664
-31.458 -16.533 46.239 -83.061 57.494 23.045 -64.998
-29.985 -18.364 44.275 -82.357 57.000 24.376 -61.549
-26.227 -19.731 42.331 -82.809 55.437 26.277 -58.953
-23.849 -21.089 41.396 -81.979 52.868 27.824 -54.597
-20.076 -25.813 40.232 -79.754 50.105 30.521 -48.290
-16.603 -29.171 38.277 -77.022 47.799 33.863 -43.511
-9.999 -34.361 28.397 -75.170 43.932 37.299 -35.883
4.002 -37.739 20.940 -79.268 38.625 42.340 -15.246
-41.214 -18.156 43.913 -88.248 62.625 14.667 -78.621
-39.023 -20.161 42.887 -87.451 56.110 13.269 -74.018
-36.736 -21.182 41.961 -88.504 52.366 18.510 -70.269
-35.377 -23.317 39.112 -87.106 52.381 19.194 -66.481
-31.454 -25.560 37.823 -87.245 50.820 21.116 -63.226
-28.426 -26.085 35.923 -86.296 47.580 22.100 -59.485
-25.560 -30.059 35.637 -85.578 45.761 25.288 -53.309
-21.289 -34.720 33.956 -82.307 42.383 28.098 -48.241
-15.527 -39.213 23.303 -80.627 38.623 32.198 -40.449
-1.066 -42.483 15.618 -84.293 33.404 38.414 -20.362
0.000 0.000 0.000 -90.000 0.000 -0.001 -80.000
0.000 0.000 0.000 -90.000 0.000 -0.001 -59.999
0.000 0.000 0.000 -90.001 0.000 -0.001 -39.999
0.000 0.000 0.000 -90.000 0.001 0.000 -19.999
0.000 0.001 0.000 -90.001 0.000 0.000 0.000
0.000 0.000 0.000 -90.000 0.000 -0.001 19.999
0.000 0.000 0.000 -90.001 0.000 -0.003 39.998
0.000 0.000 0.000 -90.000 0.001 -0.001 59.999
0.000 0.000 0.000 -90.000 0.000 0.000 80.000
-25.538 -6.754 -8.782 -62.252 75.530 -44.209 -60.676
-29.538 -21.915 12.305 -62.252 75.531 -33.403 -71.854
-20.080 -6.158 10.847 -80.451 87.914 -5.181 -83.252
-25.536 -6.752 -8.784 -62.253 75.531 -44.209 -60.676
-29.538 -21.914 12.303 -62.253 75.531 -33.403 -71.854
-20.080 -6.158 10.846 -80.451 87.914 -5.180 -83.254
-25.536 -6.752 -8.784 -62.253 75.531 -44.209 -60.677
-29.539 -21.915 12.305 -62.254 75.530 -33.401 -71.853
-20.080 -6.158 10.847 -80.450 87.915 -5.180 -83.253
0.000 -29.998 0.000 -90.000 0.000 -0.001 0.000
0.000 -19.998 0.000 -90.000 0.000 -0.001 0.000
0.000 -9.998 0.000 -90.000 0.000 0.000 0.000
0.000 10.000 0.000 -90.000 0.001 -0.001 0.000
0.000 19.999 0.000 -90.000 0.000 0.000 0.000
0.000 0.001 -29.999 -90.000 0.001 0.000 0.000
0.000 0.000 -20.001 -90.000 0.001 -0.003 0.000
0.000 0.000 -10.000 -90.001 0.000 0.000 0.000
0.000 0.000 10.000 -90.000 0.001 -0.001 0.000
0.000 0.000 19.999 -90.001 0.000 -0.001 0.000
0.000 0.000 27.611 -90.000 0.000 -0.001 0.000
0.000 0.001 0.000 -108.000 0.000 0.000 0.000
0.000 0.000 0.000 -100.000 0.000 0.000 0.000
0.000 0.000 0.000 -80.000 0.000 -0.001 0.000
0.000 0.001 0.000 -69.999 0.000 -0.001 0.000
0.000 0.000 0.000 -60.000 0.000 0.000 0.000
0.000 0.000 0.000 -90.000 -44.999 0.000 0.000
0.000 0.000 0.000 -90.000 -29.998 0.001 0.000
0.000 0.000 0.000 -90.000 -14.999 0.000 0.000
0.000 0.000 0.000 -90.001 14.999 0.003 0.000
0.000 0.000 -0.001 -90.000 30.001 0.000 0.000
0.000 0.000 0.000 -90.000 45.000 0.000 0.000
