849.526216
796.753703
942.142205
1038.404576
962.929038
941.893030
969.502351
890.138275
921.383449
886.021619
729.648347
676.893381
726.338878
841.201656
868.000281
850.659788
824.513933
705.724012
660.030182
764.287218
741.629817
725.068435
696.437847
694.798905
663.845020
676.626658
695.739454
742.995016
767.329964
783.607075
806.896189
801.519618
864.904892
883.649189
910.819822
877.096933
885.249526
869.537446
848.638310
826.805643
818.326665
810.661894
809.300204
794.851548
800.561522
798.315435
788.776585
778.370885
773.303152
884.315996
788.106268
784.003650
785.523268
769.986664
778.704289
777.504036
783.073630
781.403102
785.828595
890.829648
