849.627992
796.995859
942.338738
1038.544957
963.044852
942.008844
969.621675
890.218993
921.509792
886.151470
729.771180
677.051309
726.454692
841.324489
868.130133
850.796659
824.612199
705.811750
660.142486
764.287218
741.692988
725.166702
696.543132
694.907700
663.974872
676.745982
695.851758
743.058188
767.277322
783.578999
806.892679
801.544185
864.950516
883.768513
910.914579
877.170632
885.337264
869.614656
848.690952
826.875834
818.428441
810.728574
809.352846
794.935776
800.656279
798.396154
788.885379
778.644627
773.520741
884.498491
788.197515
784.091388
785.628553
770.081421
778.806064
777.616340
783.168386
781.487331
785.947919
891.012143
