905.948621
853.060293
998.599705
1095.869306
1020.909665
999.877167
1026.865305
947.929389
978.367376
942.977469
787.758826
728.844669
782.529655
900.119323
926.503825
909.528322
884.494981
765.648909
715.827894
821.032498
796.813364
779.816804
751.038815
748.410192
716.256054
732.691093
753.126974
800.400084
825.166702
841.878992
864.690812
858.879062
921.836176
940.355864
967.354531
932.873587
940.833158
924.692918
903.706043
881.869867
872.710044
865.006668
863.483540
848.690952
853.958728
851.677546
841.141995
830.409911
822.983786
933.105215
840.426055
835.937390
837.074472
820.832456
828.707798
827.518074
831.919000
828.971011
830.718748
935.495192
938.555485
896.293957
884.891556
957.173440
1031.887415
812.181512
824.264757
856.590861
968.940830
1041.215695
1079.799256
985.544325
944.521654
885.070541
882.740226
899.610444
906.818979
906.590861
906.296062
905.867902
905.773145
905.766126
