0.000 0.001 0.000 -90.001 0.001 0.001 0.000
-12.101 -2.785 5.067 -84.841 -17.709 -3.976 -5.033
-4.812 9.145 7.721 -100.703 -39.194 -2.924 16.186
-0.240 23.090 5.819 -109.648 -48.698 -7.475 27.835
-10.962 18.215 6.986 -99.145 -27.160 -10.637 44.324
-16.666 14.510 12.467 -97.408 -22.729 -2.363 69.038
-11.500 15.234 10.802 -103.700 -14.710 1.592 44.812
-7.092 5.820 6.986 -93.371 -24.413 6.579 69.058
0.461 9.895 -2.834 -106.089 -14.802 7.522 48.008
6.704 -0.241 -0.519 -93.543 -4.037 8.363 28.564
13.173 -15.295 -16.434 -57.967 -4.038 -11.275 52.901
5.922 -28.959 -16.434 -59.882 -25.508 -0.293 81.516
5.922 -14.436 -12.820 -74.805 -2.743 5.297 60.986
9.778 4.032 -12.820 -91.327 -26.479 9.862 83.245
26.002 9.055 -26.432 -98.590 -9.831 3.561 22.674
35.984 9.057 -37.494 -99.813 -13.171 7.695 -6.243
-16.288 9.057 -8.785 -80.452 48.891 -23.281 -6.243
-25.538 -6.753 -8.784 -62.253 75.530 -44.210 -60.675
-29.539 -21.916 12.304 -62.253 75.530 -33.403 -71.853
-20.082 -6.159 10.846 -80.450 87.915 -5.179 -83.252
-31.983 -10.463 17.255 -82.597 84.551 -6.702 -86.841
-42.587 -13.773 21.261 -81.712 78.232 -13.103 -91.997
-49.243 -20.002 28.258 -76.782 81.582 -15.793 -93.527
-51.150 -25.899 38.993 -75.412 78.085 -14.424 -100.642
-54.040 -32.668 39.581 -69.447 77.552 -12.335 -103.449
-56.188 -23.189 39.581 -70.882 75.561 -15.531 -105.535
-58.065 -17.912 39.580 -72.514 72.109 -14.741 -108.051
-60.005 -10.843 39.581 -79.631 77.329 -17.838 -112.179
-63.478 -6.176 37.957 -82.929 74.899 -20.989 -115.447
-67.058 -2.952 38.205 -84.632 70.367 -21.963 -118.612
-68.344 -3.759 54.966 -84.630 70.367 -5.162 -115.016
-71.156 -4.962 55.329 -86.067 70.367 -7.126 -111.920
-65.970 2.403 55.329 -89.812 75.794 -5.260 -107.887
-63.912 3.174 56.376 -90.485 83.735 -4.069 -102.952
-57.384 4.103 56.650 -90.485 84.700 5.390 -99.908
-54.884 -1.581 55.909 -90.343 81.118 10.042 -96.432
-48.186 -2.826 54.439 -89.508 78.670 13.929 -92.846
-46.868 -5.223 53.545 -89.507 77.751 16.500 -89.352
-45.162 -8.543 53.546 -87.679 72.933 17.993 -82.462
-41.631 -10.606 50.772 -84.761 72.365 19.262 -77.371
-36.387 -13.702 48.444 -83.658 67.722 19.260 -73.703
-34.029 -15.484 47.256 -82.764 61.141 18.899 -69.662
-31.459 -16.534 46.237 -83.061 57.494 23.045 -64.996
-29.986 -18.365 44.274 -82.358 57.000 24.372 -61.548
-26.227 -19.731 42.332 -82.809 55.436 26.279 -58.953
-23.849 -21.090 41.396 -81.979 52.867 27.822 -54.597
-20.078 -25.814 40.229 -79.755 50.102 30.521 -48.289
-16.604 -29.173 38.276 -77.022 47.799 33.862 -43.510
-9.999 -34.362 28.397 -75.170 43.932 37.296 -35.882
4.002 -37.740 20.939 -79.268 38.624 42.340 -15.246
-41.214 -18.156 43.911 -88.247 62.625 14.665 -78.621
-39.026 -20.162 42.887 -87.450 56.110 13.267 -74.018
-36.738 -21.182 41.961 -88.504 52.366 18.509 -70.267
-35.379 -23.317 39.113 -87.106 52.381 19.192 -66.481
-31.454 -25.562 37.822 -87.245 50.819 21.114 -63.224
-28.427 -26.086 35.922 -86.295 47.580 22.100 -59.484
-25.562 -30.060 35.636 -85.579 45.760 25.287 -53.308
-21.289 -34.721 33.955 -82.306 42.383 28.099 -48.239
-15.527 -39.212 23.304 -80.626 38.623 32.197 -40.447
-1.068 -42.483 15.616 -84.293 33.404 38.412 -20.361
-0.001 -30.000 -0.001 -90.001 0.002 -0.002 0.001
0.000 -20.000 0.000 -90.000 0.002 -0.001 0.001
0.000 -9.999 0.000 -89.999 0.001 -0.001 0.000
-0.001 10.000 0.000 -89.999 0.001 0.001 0.000
0.000 20.000 0.001 -90.001 0.001 -0.002 0.000
0.000 0.000 -30.000 -90.000 0.001 0.001 0.000
-0.001 0.001 -20.000 -90.000 0.001 0.001 0.000
0.000 0.000 -9.999 -89.999 0.001 -0.001 0.000
-0.001 0.001 9.999 -90.000 0.002 -0.001 0.000
0.000 0.001 19.999 -89.999 0.001 -0.002 0.001
0.000 0.001 24.999 -90.000 0.001 -0.001 0.000
0.000 0.001 0.000 -108.000 0.002 -0.001 0.000
0.000 0.001 -0.001 -100.000 0.001 0.001 0.000
0.000 0.001 0.000 -80.001 0.001 -0.001 0.000
-0.001 0.001 0.000 -70.001 0.001 -0.001 0.000
0.000 0.000 0.000 -60.000 0.001 0.001 0.000
0.000 0.001 0.000 -89.999 -44.999 -0.001 0.000
0.000 0.000 0.000 -90.001 -29.999 0.001 0.000
0.000 0.001 0.000 -89.999 -14.998 -0.001 0.000
0.000 0.000 0.000 -90.000 15.000 0.001 0.001
0.000 0.001 0.001 -90.000 30.000 0.001 0.001
0.000 0.001 -0.001 -90.001 45.001 0.001 0.000
