-0.001 0.001 0.001 -89.999 0.002 0.001 0.001
-12.100 -2.785 5.067 -84.841 -17.709 -3.976 -5.032
-4.812 9.146 7.721 -100.703 -39.194 -2.924 16.186
-0.240 23.089 5.817 -109.648 -48.698 -7.475 27.835
-10.962 18.215 6.986 -99.145 -27.160 -10.637 44.324
-16.666 14.510 12.468 -97.407 -22.729 -2.361 69.037
-11.501 15.234 10.802 -103.701 -14.709 1.592 44.812
-7.092 5.820 6.986 -93.371 -24.412 6.577 69.059
0.460 9.895 -2.834 -106.089 -14.802 7.522 48.008
6.705 -0.241 -0.520 -93.544 -4.038 8.362 28.564
13.171 -15.295 -16.432 -57.966 -4.037 -11.275 52.901
5.922 -28.957 -16.434 -59.882 -25.508 -0.293 81.516
5.922 -14.437 -12.820 -74.805 -2.745 5.297 60.986
9.778 4.032 -12.820 -91.327 -26.478 9.864 83.245
26.002 9.057 -26.432 -98.591 -9.831 3.562 22.674
35.984 9.057 -37.493 -99.813 -13.171 7.692 -6.243
-16.288 9.057 -8.785 -80.452 48.890 -23.284 -6.243
-25.538 -6.753 -8.784 -62.253 75.530 -44.208 -60.675
-29.539 -21.915 12.303 -62.253 75.530 -33.403 -71.854
-20.081 -6.159 10.846 -80.450 87.915 -5.179 -83.252
-31.983 -10.464 17.255 -82.597 84.551 -6.700 -86.841
-42.589 -13.775 21.261 -81.712 78.231 -13.101 -91.998
-49.243 -20.002 28.258 -76.781 81.582 -15.793 -93.527
-51.150 -25.899 38.993 -75.412 78.085 -14.421 -100.643
-54.040 -32.669 39.580 -69.446 77.552 -12.332 -103.449
-56.187 -23.191 39.581 -70.882 75.561 -15.531 -105.536
-58.065 -17.912 39.581 -72.515 72.109 -14.740 -108.051
-60.005 -10.843 39.581 -79.631 77.329 -17.836 -112.179
-63.479 -6.176 37.957 -82.929 74.899 -20.988 -115.446
-67.058 -2.952 38.205 -84.630 70.367 -21.960 -118.613
-68.344 -3.759 54.966 -84.630 70.367 -5.159 -115.016
-71.156 -4.962 55.329 -86.066 70.367 -7.126 -111.920
-65.970 2.402 55.329 -89.813 75.794 -5.262 -107.886
-63.913 3.172 56.376 -90.485 83.736 -4.066 -102.953
-57.385 4.102 56.650 -90.485 84.701 5.388 -99.908
-54.885 -1.581 55.909 -90.342 81.118 10.040 -96.434
-48.186 -2.826 54.439 -89.508 78.670 13.931 -92.846
-46.868 -5.221 53.546 -89.507 77.752 16.498 -89.352
-45.163 -8.543 53.545 -87.681 72.932 17.993 -82.461
-41.631 -10.606 50.772 -84.760 72.366 19.260 -77.370
-36.388 -13.703 48.444 -83.658 67.722 19.262 -73.703
-34.028 -15.484 47.257 -82.763 61.141 18.898 -69.662
-31.459 -16.534 46.239 -83.061 57.494 23.045 -64.996
-29.987 -18.365 44.274 -82.358 57.000 24.372 -61.548
-26.228 -19.733 42.332 -82.811 55.436 26.279 -58.953
-23.847 -21.090 41.395 -81.979 52.867 27.824 -54.597
-20.078 -25.814 40.231 -79.755 50.104 30.521 -48.290
-16.604 -29.173 38.276 -77.024 47.799 33.861 -43.510
-10.000 -34.362 28.396 -75.171 43.931 37.296 -35.882
4.000 -37.740 20.939 -79.268 38.624 42.340 -15.246
-41.215 -18.155 43.912 -88.249 62.626 14.668 -78.621
-39.025 -20.163 42.887 -87.450 56.110 13.266 -74.018
-36.737 -21.181 41.961 -88.504 52.364 18.511 -70.267
-35.379 -23.317 39.113 -87.105 52.381 19.192 -66.481
-31.452 -25.562 37.822 -87.245 50.821 21.114 -63.225
-28.427 -26.086 35.922 -86.296 47.580 22.100 -59.484
-25.562 -30.060 35.636 -85.579 45.761 25.287 -53.308
-21.292 -34.722 33.955 -82.308 42.383 28.099 -48.239
-15.527 -39.214 23.304 -80.627 38.622 32.197 -40.448
-1.068 -42.483 15.616 -84.294 33.404 38.412 -20.362
-0.001 -30.000 0.000 -90.000 0.001 -0.001 0.000
-0.001 -19.999 0.000 -90.000 0.001 0.001 0.000
-0.001 -9.999 0.001 -90.001 0.001 -0.001 0.001
0.000 9.999 0.000 -90.001 0.001 -0.001 0.001
0.000 19.999 0.000 -89.999 0.001 -0.001 0.000
0.000 0.001 -30.000 -90.000 0.001 -0.001 0.000
0.000 0.000 -20.002 -90.000 0.001 -0.004 0.000
-0.001 0.001 -9.999 -90.000 0.001 0.001 0.000
0.000 0.001 9.999 -90.000 0.001 0.001 0.000
0.000 0.001 19.999 -89.999 0.001 0.001 0.000
0.000 0.001 24.998 -90.001 0.001 -0.001 0.000
0.000 0.001 0.000 -108.000 0.001 -0.002 0.001
0.000 0.001 0.000 -100.000 0.001 0.001 0.001
0.000 0.001 0.001 -80.000 0.002 -0.001 0.000
0.000 0.000 -0.001 -69.999 0.001 0.001 0.000
0.000 0.001 0.000 -60.000 0.002 0.001 0.001
0.000 0.001 0.000 -90.000 -44.999 0.001 0.001
0.000 0.001 0.000 -89.999 -29.999 0.001 0.000
0.000 0.001 0.000 -90.001 -15.000 0.001 0.000
-0.001 0.001 0.000 -90.000 15.000 0.001 0.000
0.000 0.001 0.000 -90.001 30.000 0.001 0.000
0.000 0.000 0.000 -90.001 45.000 -0.002 0.000
