'ConfigVersion="3.3.0"
0 0 0 -90 0 0 0
-12.101 -2.786 5.069 -84.841 -17.71 -3.976 -5.034
-4.812 9.147 7.722 -100.703 -39.196 -2.924 16.186
-0.24 23.091 5.819 -109.649 -48.7 -7.476 27.835
-10.961 18.215 6.987 -99.146 -27.162 -10.637 44.325
-16.666 14.511 12.469 -97.407 -22.731 -2.363 69.038
-11.501 15.234 10.804 -103.701 -14.711 1.594 44.812
-7.091 5.821 6.987 -93.371 -24.414 6.579 69.059
0.462 9.896 -2.834 -106.09 -14.804 7.525 48.008
6.706 -0.242 -0.52 -93.544 -4.039 8.365 28.565
13.173 -15.296 -16.433 -57.966 -4.039 -11.275 52.901
5.923 -28.959 -16.433 -59.882 -25.51 -0.293 81.517
5.923 -14.438 -12.82 -74.805 -2.745 5.299 60.987
9.779 4.033 -12.82 -91.327 -26.48 9.864 83.245
26.003 9.057 -26.432 -98.591 -9.833 3.563 22.674
35.986 9.057 -37.494 -99.813 -13.172 7.695 -6.244
-16.288 9.057 -8.784 -80.452 48.891 -23.282 -6.244
-25.538 -6.754 -8.784 -62.253 75.531 -44.21 -60.677
-29.539 -21.916 12.305 -62.253 75.531 -33.403 -71.855
-20.081 -6.159 10.848 -80.451 87.914 -5.179 -83.254
-31.983 -10.464 17.257 -82.597 84.552 -6.7 -86.843
-42.588 -13.775 21.263 -81.711 78.232 -13.101 -91.999
-49.243 -20.003 28.26 -76.781 81.582 -15.794 -93.529
-51.149 -25.9 38.995 -75.412 78.084 -14.422 -100.644
-54.04 -32.669 39.583 -69.447 77.552 -12.333 -103.451
-56.188 -23.191 39.583 -70.882 75.561 -15.531 -105.537
-58.066 -17.912 39.583 -72.514 72.11 -14.741 -108.053
-60.004 -10.844 39.583 -79.631 77.329 -17.839 -112.181
-63.478 -6.177 37.959 -82.929 74.898 -20.987 -115.448
-67.058 -2.953 38.207 -84.631 70.367 -21.962 -118.614
-68.344 -3.76 54.967 -84.631 70.367 -5.162 -115.017
-71.156 -4.962 55.33 -86.067 70.367 -7.126 -111.923
-65.97 2.403 55.33 -89.812 75.795 -5.26 -107.889
-63.912 3.174 56.378 -90.485 83.736 -4.068 -102.954
-57.385 4.104 56.652 -90.485 84.7 5.392 -99.91
-54.884 -1.582 55.911 -90.343 81.118 10.042 -96.435
-48.186 -2.827 54.44 -89.508 78.669 13.931 -92.848
-46.869 -5.222 53.547 -89.507 77.752 16.499 -89.354
-45.163 -8.544 53.547 -87.68 72.933 17.995 -82.463
-41.632 -10.607 50.773 -84.76 72.366 19.263 -77.372
-36.387 -13.703 48.445 -83.658 67.723 19.263 -73.705
-34.029 -15.485 47.258 -82.763 61.141 18.899 -69.664
-31.46 -16.535 46.24 -83.061 57.494 23.047 -64.998
-29.987 -18.366 44.276 -82.358 57 24.374 -61.55
-26.228 -19.733 42.333 -82.81 55.436 26.28 -58.955
-23.849 -21.091 41.397 -81.979 52.867 27.826 -54.598
-20.078 -25.815 40.232 -79.755 50.104 30.523 -48.291
-16.604 -29.173 38.278 -77.022 47.8 33.862 -43.512
-10 -34.363 28.398 -75.17 43.931 37.298 -35.884
4.003 -37.741 20.941 -79.268 38.625 42.341 -15.248
-41.214 -18.156 43.914 -88.248 62.625 14.668 -78.622
-39.025 -20.163 42.888 -87.45 56.11 13.269 -74.02
-36.737 -21.183 41.962 -88.504 52.365 18.51 -70.269
-35.379 -23.318 39.114 -87.106 52.381 19.196 -66.482
-31.454 -25.563 37.824 -87.245 50.82 21.116 -63.226
-28.427 -26.087 35.923 -86.295 47.58 22.102 -59.486
-25.562 -30.061 35.637 -85.579 45.761 25.288 -53.31
-21.29 -34.722 33.956 -82.307 42.383 28.099 -48.241
-15.528 -39.214 23.305 -80.627 38.623 32.2 -40.449
-1.068 -42.484 15.618 -84.293 33.404 38.414 -20.363
0 0 0 -90 0 0 -80
0 0 0 -90 0 0 -60
0 0 0 -90 0 0 -40
0 0 0 -90 0 0 -20
0 0 0 -90 0 0 0
0 0 0 -90 0 0 20
0 0 0 -90 0 0 40
0 0 0 -90 0 0 60
0 0 0 -90 0 0 80
-25.538 -6.754 -8.784 -62.253 75.531 -44.21 -60.677
-29.539 -21.916 12.305 -62.253 75.531 -33.403 -71.855
-20.081 -6.159 10.848 -80.451 87.914 -5.179 -83.254
-25.538 -6.754 -8.784 -62.253 75.531 -44.21 -60.677
-29.539 -21.916 12.305 -62.253 75.531 -33.403 -71.855
-20.081 -6.159 10.848 -80.451 87.914 -5.179 -83.254
-25.538 -6.754 -8.784 -62.253 75.531 -44.21 -60.677
-29.539 -21.916 12.305 -62.253 75.531 -33.403 -71.855
-20.081 -6.159 10.848 -80.451 87.914 -5.179 -83.254
0 -30 0 -90 0 0 0
0 -20 0 -90 0 0 0
0 -10 0 -90 0 0 0
0 10 0 -90 0 0 0
0 20 0 -90 0 0 0
0 0 -30 -90 0 0 0
0 0 -20 -90 0 0 0
0 0 -10 -90 0 0 0
0 0 10 -90 0 0 0
0 0 20 -90 0 0 0
0 0 30 -90 0 0 0
0 0 0 -108 0 0 0
0 0 0 -100 0 0 0
0 0 0 -80 0 0 0
0 0 0 -70 0 0 0
0 0 0 -60 0 0 0
0 0 0 -90 -45 0 0
0 0 0 -90 -30 0 0
0 0 0 -90 -15 0 0
0 0 0 -90 15 0 0
0 0 0 -90 30 0 0
0 0 0 -90 45 0 0
