1323.966449
1474.047168
1580.802976
1743.482838
1628.167333
1416.396434
1274.921036
1243.314382
1226.542430
1374.436724
1580.136169
1591.120938
1547.760932
1485.811048
1597.459114
1692.380852
1728.869236
1703.053274
1713.553731
1715.115463
1705.197585
1625.349196
1654.464098
1632.182214
1546.851969
1456.373272
1369.979645
1400.003510
1383.231558
1349.091037
1377.721626
1169.509370
1041.149014
976.275707
1141.047238
1144.535692
1180.964414
1321.274654
1399.473573
1442.559837
1147.922370
1184.628343
1186.074261
1205.113357
1130.452025
1125.085983
1081.171475
1279.834351
1309.173861
1317.740577
1287.485085
1332.912192
1316.273601
1315.813856
1294.791886
1266.719309
1269.172457
1135.547835
1283.540394
1350.817716
