900.603636
847.736366
993.198568
1090.489226
1015.617323
994.546220
1021.516811
942.612480
973.046957
937.657051
782.512108
723.633046
777.258370
894.823472
921.193936
904.225451
879.174563
760.363585
710.560118
815.768232
791.580684
774.598161
745.834211
743.198568
711.051449
727.461922
747.866217
795.125290
819.898926
836.572612
859.384432
853.572682
916.466625
934.933670
961.928827
927.518074
935.491682
919.379518
898.385625
876.517863
867.400154
859.693269
858.201727
843.388082
848.708500
846.357128
835.821576
825.117569
817.684425
927.816382
835.126693
830.602934
831.785639
815.533095
823.422475
822.215203
826.633677
823.678669
825.419387
930.037903
933.122763
890.868253
879.448305
951.730189
1026.451183
806.850565
818.958377
851.277462
963.613392
1035.923352
1074.443743
980.223907
939.183688
879.743104
877.423317
894.297045
901.498561
901.273952
900.975644
900.543974
900.452727
900.445708
