900.607145
847.764442
993.247701
1090.401488
1015.659437
994.619920
1021.534358
942.601951
973.053976
937.653541
782.431389
723.541798
777.037271
894.630449
921.014951
904.035937
878.995578
760.286376
710.489928
815.592756
791.391170
774.391100
745.620131
743.075735
710.928617
727.360146
747.774970
795.037552
819.818207
836.502422
859.303713
853.513020
916.424510
934.916123
961.897242
927.479469
935.428511
919.319857
898.318944
876.468730
867.329964
859.626588
858.128027
843.317891
848.634800
846.311504
835.768934
825.047378
817.624763
927.728645
835.074051
830.525725
831.690882
815.445357
823.331228
822.123956
826.535411
823.569874
825.314101
929.911560
933.031515
890.769987
879.364077
951.645961
1026.384502
806.787394
818.881168
851.084439
963.567769
1035.856672
1074.394609
980.143188
939.113498
879.676423
877.342598
894.216326
901.417842
901.200253
900.894925
900.470274
900.389556
900.382537
