0.000 0.000 0.000 -90.000 0.001 0.001 0.000
-12.101 -2.786 5.069 -84.841 -17.709 -3.976 -5.034
-4.812 9.145 7.721 -100.702 -39.195 -2.922 16.184
-0.240 23.089 5.817 -109.648 -48.699 -7.473 27.834
-10.962 18.214 6.986 -99.145 -27.162 -10.634 44.323
-16.666 14.510 12.468 -97.407 -22.729 -2.363 69.036
-11.501 15.234 10.802 -103.700 -14.710 1.593 44.810
-7.092 5.819 6.986 -93.372 -24.414 6.577 69.057
0.460 9.895 -2.834 -106.089 -14.803 7.524 48.008
6.705 -0.243 -0.520 -93.544 -4.038 8.365 28.563
13.173 -15.296 -16.433 -57.967 -4.038 -11.275 52.900
5.922 -28.959 -16.432 -59.881 -25.509 -0.293 81.514
5.922 -14.438 -12.820 -74.805 -2.745 5.300 60.985
9.778 4.031 -12.820 -91.328 -26.478 9.862 83.243
26.002 9.055 -26.432 -98.590 -9.832 3.562 22.672
35.984 9.055 -37.493 -99.812 -13.171 7.695 -6.244
-16.289 9.055 -8.784 -80.452 48.890 -23.279 -6.243
-25.538 -6.754 -8.783 -62.253 75.530 -44.208 -60.677
-29.539 -21.916 12.303 -62.253 75.529 -33.403 -71.855
-20.081 -6.159 10.848 -80.450 87.913 -5.179 -83.254
-31.983 -10.463 17.255 -82.597 84.551 -6.699 -86.844
-42.589 -13.774 21.261 -81.711 78.231 -13.101 -91.998
-49.243 -20.002 28.258 -76.782 81.582 -15.793 -93.529
-51.150 -25.900 38.993 -75.412 78.085 -14.422 -100.644
-54.040 -32.668 39.581 -69.446 77.552 -12.334 -103.451
-56.188 -23.191 39.581 -70.881 75.561 -15.531 -105.537
-58.065 -17.912 39.581 -72.514 72.108 -14.741 -108.053
-60.005 -10.844 39.581 -79.631 77.328 -17.836 -112.180
-63.477 -6.176 37.957 -82.929 74.899 -20.988 -115.448
-67.058 -2.953 38.204 -84.630 70.367 -21.960 -118.615
-68.345 -3.759 54.966 -84.630 70.367 -5.159 -115.016
-71.156 -4.962 55.329 -86.067 70.365 -7.126 -111.923
-65.970 2.402 55.329 -89.812 75.794 -5.258 -107.888
-63.912 3.172 56.376 -90.485 83.734 -4.068 -102.954
-57.384 4.102 56.650 -90.485 84.700 5.390 -99.910
-54.883 -1.581 55.909 -90.343 81.117 10.043 -96.435
-48.186 -2.828 54.439 -89.508 78.668 13.931 -92.848
-46.868 -5.221 53.545 -89.507 77.751 16.498 -89.353
-45.163 -8.545 53.545 -87.681 72.933 17.993 -82.463
-41.633 -10.607 50.772 -84.761 72.365 19.262 -77.372
-36.387 -13.703 48.444 -83.657 67.722 19.262 -73.705
-34.029 -15.485 47.256 -82.764 61.141 18.896 -69.664
-31.459 -16.534 46.239 -83.061 57.492 23.045 -64.998
-29.987 -18.366 44.274 -82.358 56.999 24.375 -61.550
-26.228 -19.733 42.332 -82.809 55.435 26.279 -58.955
-23.849 -21.090 41.395 -81.979 52.866 27.825 -54.598
-20.078 -25.814 40.231 -79.755 50.103 30.524 -48.290
-16.603 -29.173 38.276 -77.022 47.799 33.862 -43.511
-9.999 -34.364 28.396 -75.170 43.931 37.297 -35.885
4.002 -37.740 20.939 -79.268 38.624 42.340 -15.248
-41.215 -18.156 43.914 -88.247 62.624 14.666 -78.621
-39.024 -20.162 42.887 -87.450 56.109 13.270 -74.019
-36.738 -21.183 41.961 -88.504 52.364 18.511 -70.269
-35.379 -23.318 39.113 -87.106 52.379 19.196 -66.482
-31.454 -25.562 37.822 -87.244 50.819 21.117 -63.226
-28.427 -26.086 35.922 -86.295 47.578 22.101 -59.485
-25.561 -30.061 35.636 -85.579 45.760 25.287 -53.310
-21.289 -34.722 33.955 -82.307 42.382 28.099 -48.242
-15.527 -39.213 23.303 -80.627 38.622 32.197 -40.449
-1.068 -42.483 15.616 -84.293 33.403 38.414 -20.363
-0.001 -30.000 0.000 -90.000 0.001 0.001 0.000
0.000 -20.001 0.001 -90.000 -0.001 0.001 0.000
0.000 -10.000 0.000 -89.999 0.001 0.003 0.000
0.000 9.999 -0.001 -89.999 0.001 -0.001 0.000
0.000 19.999 0.000 -90.000 0.001 0.001 -0.001
0.000 -0.001 -30.000 -90.000 -0.001 0.003 0.000
-0.001 -0.001 -19.999 -90.001 0.001 0.001 0.000
0.000 -0.001 -10.000 -90.000 0.001 0.003 0.000
0.000 0.000 9.999 -89.999 -0.001 0.001 0.000
0.000 0.000 19.999 -90.001 -0.001 0.001 0.000
0.000 0.000 24.999 -90.001 0.001 0.001 0.000
-0.001 0.000 -0.001 -108.000 0.001 -0.001 -0.001
0.000 -0.001 0.000 -100.000 0.001 0.001 0.000
-0.001 0.000 0.000 -79.999 -0.001 -0.001 0.000
-0.001 0.000 0.000 -69.999 -0.001 0.001 0.000
0.000 0.000 0.000 -60.000 0.001 0.001 0.000
-0.001 0.000 0.000 -90.001 -44.999 -0.001 -0.001
0.000 0.000 0.000 -89.999 -29.999 -0.001 0.000
0.000 0.000 0.000 -90.000 -15.000 -0.001 0.000
0.000 0.000 0.000 -90.001 15.000 0.001 0.000
0.000 0.001 0.000 -90.000 29.999 0.001 0.000
0.000 -0.001 0.000 -90.001 45.000 0.001 0.000
