0.000 0.000 0.000 -90.000 0.000 0.000 0.000
-12.101 -2.785 5.067 -84.840 -17.708 -3.973 -5.032
-4.810 9.146 7.721 -100.703 -39.194 -2.922 16.186
-0.239 23.091 5.818 -109.649 -48.700 -7.477 27.834
-10.960 18.213 6.986 -99.146 -27.161 -10.635 44.324
-16.666 14.510 12.468 -97.408 -22.729 -2.362 69.038
-11.500 15.234 10.802 -103.700 -14.709 1.593 44.812
-7.092 5.820 6.986 -93.371 -24.412 6.581 69.059
0.461 9.896 -2.833 -106.089 -14.802 7.526 48.008
6.706 -0.242 -0.519 -93.544 -4.037 8.366 28.564
13.173 -15.296 -16.433 -57.967 -4.037 -11.275 52.901
5.922 -28.958 -16.433 -59.882 -25.508 -0.292 81.516
5.922 -14.437 -12.818 -74.806 -2.744 5.298 60.986
9.778 4.032 -12.820 -91.327 -26.480 9.862 83.245
26.003 9.057 -26.431 -98.591 -9.831 3.563 22.674
35.986 9.057 -37.494 -99.814 -13.171 7.694 -6.243
-16.287 9.056 -8.784 -80.452 48.891 -23.281 -6.243
-25.538 -6.754 -8.784 -62.253 75.531 -44.209 -60.675
-29.537 -21.915 12.305 -62.252 75.530 -33.401 -71.854
-20.080 -6.158 10.848 -80.452 87.915 -5.177 -83.253
-31.983 -10.463 17.255 -82.596 84.551 -6.696 -86.841
-42.587 -13.774 21.262 -81.711 78.231 -13.099 -91.997
-49.243 -20.002 28.258 -76.781 81.582 -15.791 -93.527
-51.148 -25.899 38.995 -75.412 78.085 -14.420 -100.643
-54.040 -32.668 39.582 -69.447 77.552 -12.332 -103.450
-56.187 -23.191 39.582 -70.882 75.560 -15.529 -105.535
-58.065 -17.910 39.582 -72.514 72.109 -14.739 -108.051
-60.003 -10.844 39.582 -79.632 77.328 -17.836 -112.180
-63.477 -6.176 37.958 -82.928 74.898 -20.985 -115.447
-67.056 -2.953 38.206 -84.632 70.367 -21.960 -118.614
-68.344 -3.759 54.966 -84.630 70.367 -5.159 -115.016
-71.156 -4.961 55.330 -86.067 70.367 -7.125 -111.921
-65.969 2.402 55.330 -89.813 75.795 -5.260 -107.886
-63.912 3.173 56.376 -90.485 83.736 -4.068 -102.953
-57.384 4.103 56.652 -90.485 84.700 5.392 -99.908
-54.883 -1.581 55.911 -90.343 81.118 10.042 -96.433
-48.185 -2.826 54.440 -89.508 78.668 13.933 -92.847
-46.868 -5.221 53.545 -89.507 77.752 16.497 -89.352
-45.163 -8.545 53.545 -87.681 72.933 17.996 -82.461
-41.631 -10.606 50.772 -84.760 72.366 19.263 -77.371
-36.387 -13.703 48.444 -83.658 67.722 19.262 -73.702
-34.027 -15.484 47.258 -82.763 61.142 18.899 -69.662
-31.459 -16.534 46.239 -83.061 57.493 23.045 -64.998
-29.987 -18.365 44.275 -82.358 57.001 24.374 -61.549
-26.227 -19.732 42.333 -82.809 55.436 26.279 -58.953
-23.849 -21.091 41.396 -81.980 52.868 27.826 -54.597
-20.078 -25.814 40.232 -79.753 50.104 30.523 -48.288
-16.603 -29.172 38.277 -77.022 47.799 33.863 -43.510
-9.999 -34.362 28.398 -75.170 43.932 37.299 -35.883
4.002 -37.741 20.940 -79.268 38.625 42.340 -15.246
-41.212 -18.155 43.914 -88.248 62.626 14.667 -78.621
-39.025 -20.163 42.888 -87.450 56.110 13.269 -74.018
-36.736 -21.182 41.960 -88.504 52.365 18.510 -70.267
-35.377 -23.317 39.113 -87.105 52.381 19.196 -66.481
-31.454 -25.562 37.824 -87.245 50.820 21.116 -63.224
-28.426 -26.085 35.921 -86.295 47.579 22.102 -59.484
-25.561 -30.060 35.637 -85.578 45.761 25.288 -53.308
-21.289 -34.721 33.956 -82.307 42.383 28.098 -48.241
-15.527 -39.213 23.305 -80.627 38.622 32.199 -40.449
-1.067 -42.484 15.617 -84.293 33.404 38.412 -20.361
0.000 -29.999 0.000 -90.001 0.000 0.000 0.000
0.000 -19.999 0.000 -90.001 0.000 0.001 0.000
0.000 -9.999 0.000 -90.000 0.000 -0.001 0.000
0.000 9.998 0.000 -90.001 0.000 0.000 0.000
0.000 20.001 0.000 -90.000 0.000 0.001 0.000
0.000 0.000 -29.999 -90.000 0.000 0.001 0.000
0.000 0.000 -20.001 -90.000 0.000 0.001 0.000
0.000 0.000 -9.998 -90.001 0.000 0.001 0.000
0.000 0.000 9.999 -90.000 0.000 0.000 0.001
0.000 0.000 19.999 -90.001 0.000 0.000 0.000
0.000 0.000 24.999 -90.000 0.000 0.001 0.000
0.000 0.000 0.000 -108.000 0.000 0.001 0.001
0.001 0.000 0.000 -100.000 0.000 0.000 0.000
0.000 0.000 0.000 -80.000 0.000 -0.001 0.000
0.000 0.000 0.000 -69.999 0.000 0.001 0.000
0.000 0.000 0.000 -59.999 0.000 0.003 0.000
0.000 0.000 0.000 -90.000 -44.999 0.001 0.001
0.000 0.000 0.000 -90.000 -29.998 0.001 0.001
0.000 0.000 0.000 -90.000 -14.999 0.001 0.000
0.000 0.000 0.000 -90.000 14.999 0.001 0.000
0.000 0.000 0.000 -90.000 29.999 0.000 0.001
0.000 0.000 0.000 -90.000 45.000 0.001 0.000
