0.000 0.000 0.000 -90.001 0.001 0.000 0.000
-12.100 -2.785 5.067 -84.840 -17.710 -3.974 -5.033
-4.811 9.147 7.721 -100.703 -39.194 -2.923 16.186
-0.239 23.091 5.817 -109.649 -48.698 -7.473 27.834
-10.960 18.215 6.986 -99.146 -27.160 -10.635 44.324
-16.666 14.511 12.467 -97.408 -22.729 -2.362 69.036
-11.501 15.234 10.802 -103.701 -14.709 1.594 44.811
-7.092 5.821 6.985 -93.371 -24.412 6.579 69.057
0.460 9.896 -2.834 -106.089 -14.802 7.526 48.008
6.705 -0.240 -0.520 -93.543 -4.037 8.363 28.564
13.171 -15.294 -16.433 -57.967 -4.037 -11.273 52.899
5.922 -28.957 -16.433 -59.882 -25.508 -0.294 81.516
5.922 -14.436 -12.820 -74.805 -2.744 5.301 60.986
9.776 4.033 -12.821 -91.327 -26.480 9.864 83.244
26.002 9.057 -26.432 -98.591 -9.833 3.562 22.674
35.984 9.056 -37.494 -99.814 -13.171 7.696 -6.243
-16.289 9.057 -8.784 -80.451 48.892 -23.280 -6.243
-25.538 -6.752 -8.784 -62.253 75.531 -44.209 -60.676
-29.539 -21.915 12.303 -62.254 75.531 -33.401 -71.854
-20.080 -6.156 10.847 -80.451 87.914 -5.177 -83.252
-31.984 -10.462 17.255 -82.597 84.551 -6.698 -86.842
-42.587 -13.774 21.262 -81.711 78.232 -13.101 -92.000
-49.243 -20.001 28.258 -76.781 81.582 -15.791 -93.528
-51.150 -25.898 38.994 -75.410 78.083 -14.422 -100.643
-54.039 -32.668 39.582 -69.446 77.552 -12.332 -103.450
-56.188 -23.189 39.581 -70.882 75.561 -15.529 -105.537
-58.065 -17.910 39.581 -72.513 72.109 -14.741 -108.051
-60.005 -10.844 39.581 -79.632 77.328 -17.837 -112.180
-63.478 -6.175 37.958 -82.929 74.897 -20.987 -115.447
-67.058 -2.951 38.205 -84.630 70.367 -21.960 -118.614
-68.343 -3.758 54.965 -84.630 70.367 -5.159 -115.016
-71.156 -4.960 55.329 -86.067 70.367 -7.125 -111.922
-65.969 2.403 55.330 -89.813 75.795 -5.258 -107.887
-63.913 3.174 56.377 -90.486 83.735 -4.065 -102.954
-57.384 4.103 56.651 -90.486 84.700 5.392 -99.910
-54.883 -1.580 55.909 -90.342 81.118 10.040 -96.435
-48.186 -2.826 54.438 -89.508 78.669 13.931 -92.846
-46.868 -5.220 53.545 -89.507 77.752 16.499 -89.355
-45.163 -8.543 53.546 -87.681 72.933 17.996 -82.463
-41.633 -10.605 50.771 -84.760 72.366 19.262 -77.371
-36.387 -13.701 48.444 -83.658 67.723 19.262 -73.705
-34.030 -15.483 47.256 -82.763 61.142 18.900 -69.662
-31.459 -16.533 46.239 -83.060 57.494 23.047 -64.998
-29.987 -18.364 44.275 -82.358 57.000 24.374 -61.549
-26.228 -19.731 42.330 -82.809 55.436 26.280 -58.954
-23.849 -21.090 41.395 -81.979 52.867 27.826 -54.597
-20.078 -25.813 40.231 -79.754 50.104 30.521 -48.289
-16.604 -29.171 38.276 -77.022 47.799 33.861 -43.511
-10.000 -34.361 28.396 -75.170 43.930 37.299 -35.883
4.002 -37.739 20.940 -79.268 38.624 42.341 -15.247
-41.214 -18.155 43.912 -88.248 62.626 14.670 -78.621
-39.026 -20.161 42.887 -87.449 56.110 13.267 -74.019
-36.737 -21.182 41.960 -88.503 52.364 18.512 -70.269
-35.379 -23.316 39.112 -87.106 52.381 19.194 -66.481
-31.454 -25.560 37.823 -87.244 50.820 21.116 -63.224
-28.426 -26.085 35.921 -86.295 47.580 22.102 -59.485
-25.562 -30.060 35.637 -85.578 45.761 25.288 -53.308
-21.289 -34.720 33.955 -82.307 42.383 28.098 -48.241
-15.528 -39.213 23.303 -80.627 38.622 32.199 -40.448
-1.068 -42.482 15.617 -84.293 33.405 38.414 -20.362
-0.001 -29.998 0.000 -90.000 0.000 0.000 0.000
0.000 -19.999 0.000 -90.000 0.000 0.001 0.000
0.000 -9.998 -0.001 -90.000 0.000 0.001 0.000
0.000 10.000 0.000 -90.000 0.000 0.000 0.000
0.000 20.001 0.000 -90.000 0.000 0.003 0.000
-0.001 0.000 -30.000 -90.000 0.001 0.001 0.000
0.000 0.000 -20.001 -90.000 0.000 0.001 0.000
0.000 0.000 -10.000 -90.000 0.000 0.001 0.000
0.000 0.000 9.998 -90.001 0.000 0.001 0.000
-0.001 0.000 19.999 -90.000 0.000 0.001 0.000
0.000 0.000 24.998 -90.000 0.001 0.000 0.000
0.000 0.000 0.000 -108.000 0.000 0.000 0.000
0.000 0.000 0.000 -99.999 0.000 -0.001 0.000
0.000 0.000 0.000 -80.000 0.001 -0.001 0.000
0.000 0.000 -0.001 -69.999 0.000 0.001 0.000
0.000 0.000 0.000 -59.999 0.000 0.001 0.000
0.000 0.000 0.000 -90.000 -44.999 0.001 0.000
0.000 0.000 -0.001 -90.001 -29.999 0.000 0.000
-0.001 0.000 0.000 -90.001 -14.999 0.000 0.000
0.000 0.000 0.000 -90.000 15.000 0.001 0.000
0.000 0.000 0.000 -90.000 30.000 0.000 0.000
0.000 0.000 0.000 -90.000 45.000 0.000 0.000
