0.000 0.001 0.000 -90.000 0.000 0.002 0.000
-12.099 -2.784 5.067 -84.841 -17.709 -3.973 -5.034
-4.811 9.147 7.721 -100.703 -39.195 -2.923 16.186
-0.239 23.090 5.818 -109.649 -48.698 -7.473 27.834
-10.960 18.214 6.986 -99.146 -27.161 -10.635 44.322
-16.665 14.512 12.467 -97.408 -22.729 -2.362 69.036
-11.501 15.234 10.803 -103.701 -14.709 1.593 44.810
-7.090 5.821 6.986 -93.371 -24.412 6.579 69.058
0.461 9.896 -2.833 -106.089 -14.802 7.526 48.008
6.705 -0.240 -0.519 -93.544 -4.037 8.366 28.563
13.173 -15.294 -16.433 -57.967 -4.037 -11.272 52.899
5.922 -28.957 -16.433 -59.882 -25.508 -0.292 81.514
5.922 -14.436 -12.818 -74.805 -2.744 5.301 60.985
9.779 4.033 -12.819 -91.327 -26.478 9.863 83.243
26.003 9.058 -26.432 -98.591 -9.831 3.562 22.673
35.986 9.057 -37.492 -99.812 -13.171 7.696 -6.244
-16.287 9.057 -8.784 -80.452 48.891 -23.280 -6.244
-25.538 -6.752 -8.784 -62.254 75.531 -44.209 -60.677
-29.539 -21.914 12.305 -62.253 75.530 -33.401 -71.854
-20.080 -6.156 10.848 -80.450 87.915 -5.178 -83.253
-31.982 -10.463 17.257 -82.596 84.552 -6.698 -86.842
-42.587 -13.773 21.262 -81.711 78.232 -13.099 -92.000
-49.241 -20.002 28.260 -76.781 81.582 -15.793 -93.529
-51.150 -25.899 38.994 -75.412 78.084 -14.420 -100.644
-54.039 -32.668 39.582 -69.447 77.551 -12.331 -103.451
-56.188 -23.189 39.582 -70.882 75.561 -15.529 -105.537
-58.065 -17.910 39.582 -72.515 72.110 -14.739 -108.053
-60.003 -10.843 39.582 -79.632 77.329 -17.837 -112.181
-63.477 -6.176 37.958 -82.930 74.897 -20.985 -115.447
-67.056 -2.952 38.206 -84.630 70.367 -21.960 -118.614
-68.343 -3.757 54.967 -84.630 70.367 -5.161 -115.017
-71.156 -4.960 55.330 -86.067 70.367 -7.122 -111.923
-65.969 2.403 55.330 -89.813 75.795 -5.260 -107.888
-63.911 3.174 56.377 -90.485 83.736 -4.066 -102.954
-57.384 4.103 56.651 -90.484 84.700 5.392 -99.910
-54.884 -1.581 55.910 -90.343 81.118 10.040 -96.435
-48.185 -2.826 54.439 -89.508 78.670 13.931 -92.848
-46.868 -5.221 53.546 -89.507 77.752 16.501 -89.355
-45.162 -8.543 53.546 -87.680 72.933 17.993 -82.463
-41.631 -10.606 50.773 -84.760 72.367 19.262 -77.372
-36.387 -13.701 48.444 -83.657 67.722 19.263 -73.705
-34.028 -15.484 47.258 -82.763 61.142 18.900 -69.663
-31.459 -16.533 46.239 -83.060 57.493 23.045 -64.998
-29.986 -18.364 44.275 -82.359 57.000 24.373 -61.551
-26.227 -19.731 42.332 -82.809 55.435 26.280 -58.955
-23.847 -21.090 41.396 -81.980 52.866 27.826 -54.598
-20.078 -25.814 40.231 -79.755 50.103 30.523 -48.290
-16.603 -29.171 38.277 -77.021 47.799 33.861 -43.511
-9.999 -34.361 28.397 -75.169 43.932 37.297 -35.884
4.002 -37.740 20.940 -79.268 38.625 42.340 -15.248
-41.213 -18.154 43.914 -88.246 62.625 14.667 -78.622
-39.023 -20.161 42.888 -87.450 56.110 13.269 -74.020
-36.736 -21.182 41.961 -88.504 52.365 18.510 -70.269
-35.379 -23.317 39.113 -87.106 52.381 19.196 -66.482
-31.452 -25.562 37.823 -87.245 50.820 21.114 -63.226
-28.426 -26.086 35.923 -86.295 47.580 22.102 -59.485
-25.561 -30.060 35.636 -85.579 45.761 25.286 -53.309
-21.289 -34.720 33.956 -82.307 42.383 28.100 -48.241
-15.526 -39.212 23.305 -80.627 38.622 32.202 -40.449
-1.067 -42.481 15.618 -84.293 33.404 38.414 -20.363
0.000 -29.998 0.000 -90.000 0.002 0.002 0.000
0.000 -19.998 0.000 -90.000 0.001 0.002 0.000
0.000 -9.999 0.000 -90.000 0.000 0.000 0.000
0.000 9.999 0.000 -90.000 0.001 0.000 0.000
0.000 20.000 0.000 -90.000 0.002 0.000 0.000
0.000 0.001 -29.998 -90.000 0.001 0.000 -0.001
0.000 0.001 -19.999 -90.000 0.000 0.002 0.000
0.000 0.001 -9.998 -90.000 0.001 0.000 0.000
0.000 0.001 9.998 -90.000 0.000 0.000 -0.001
0.000 0.001 19.999 -90.000 0.002 0.002 0.000
0.000 0.001 24.999 -90.000 0.001 -0.001 0.000
0.000 0.001 0.000 -108.000 0.002 0.000 0.000
0.000 0.001 0.000 -100.000 0.001 -0.001 0.000
0.000 0.001 0.000 -80.000 0.002 0.000 0.000
0.000 0.001 0.000 -69.999 0.002 0.000 0.000
0.000 0.001 0.001 -60.000 0.001 0.000 -0.001
0.000 0.001 0.001 -90.000 -44.998 0.000 0.000
0.000 0.001 0.000 -90.001 -29.998 -0.001 0.000
0.000 0.001 0.000 -90.000 -14.998 0.000 0.000
0.000 0.001 0.000 -90.000 14.999 0.003 0.000
0.000 0.001 0.000 -90.000 30.001 0.002 -0.001
0.000 0.001 0.000 -90.000 45.000 0.003 0.000
