-0.003 -90.001 0.000 -90.001 -0.002 -0.001
-15.849 -123.512 -42.623 -35.951 11.609 -27.289
-23.635 -133.430 -97.030 3.663 18.712 4.741
-28.902 -153.205 -79.150 -10.783 11.781 22.079
-15.293 -150.627 -39.666 -126.104 1.368 22.080
-6.761 -139.179 8.777 -140.350 15.364 44.393
3.717 -142.977 69.505 -109.223 19.549 88.768
28.775 -124.316 40.530 -92.484 -13.951 112.967
66.226 -91.966 -29.813 -93.040 -45.530 133.771
110.240 -96.062 -49.707 -104.662 -60.055 170.826
131.654 -78.990 -76.124 -119.373 -83.265 197.095
140.280 -69.727 -94.343 -120.894 -112.487 158.571
144.752 -97.480 -104.165 -126.088 -141.792 134.493
150.066 -98.880 -63.853 -104.847 -158.482 93.395
159.182 -118.336 -84.287 -140.208 -163.391 62.932
164.689 -145.532 -95.646 -150.661 -165.885 39.510
168.829 -135.354 -68.654 -104.681 -159.988 25.713
171.300 -128.586 -29.657 -141.752 -162.051 15.081
175.210 -121.967 -15.102 -120.041 -169.327 1.555
178.764 -129.460 14.812 -97.804 -176.114 -8.972
179.949 -144.522 37.587 -84.101 -187.896 -23.443
169.059 -155.980 51.045 -74.785 -196.284 -36.035
172.061 -181.944 81.793 -98.809 -190.890 -52.719
169.061 -147.908 50.624 -120.009 -180.311 -71.711
157.429 -135.041 -7.887 -96.755 -175.225 -87.550
148.822 -117.522 -29.276 -130.156 -187.419 -108.955
139.135 -138.589 -47.233 -140.111 -195.162 -122.522
132.836 -161.292 -57.419 -113.896 -188.402 -134.913
126.999 -138.039 -94.470 -124.233 -196.429 -149.886
113.553 -116.686 -115.720 -137.027 -211.921 -166.851
108.596 -98.788 -134.753 -124.798 -220.706 -178.316
98.295 -90.996 -75.869 -143.860 -245.814 -188.442
82.807 -105.758 -44.462 -188.740 -266.494 -195.277
63.209 -115.718 -22.490 -201.725 -285.443 -209.994
59.732 -98.952 -27.957 -171.187 -327.587 -224.145
52.982 -91.533 -43.217 -160.847 -343.891 -202.010
26.157 -86.363 -47.204 -124.972 -353.674 -186.235
2.302 -75.569 -66.299 -76.625 -323.039 -174.558
-1.391 -66.908 -67.989 -90.632 -297.235 -152.240
-5.703 -93.695 -51.958 -115.510 -293.710 -139.028
43.648 -101.922 -50.273 -148.092 -256.207 -123.362
71.764 -92.965 -42.274 -196.846 -237.194 -101.709
99.415 -108.849 -16.955 -191.807 -212.395 -92.859
109.656 -123.012 5.440 -154.471 -198.858 -77.800
93.623 -130.537 22.618 -148.393 -156.333 -65.882
78.100 -141.255 53.823 -131.364 -127.828 -46.559
67.250 -158.106 77.894 -116.027 -103.395 -32.710
60.818 -140.999 89.722 -126.729 -76.608 -23.996
49.172 -119.487 60.340 -135.426 -60.259 -5.629
43.856 -103.849 26.785 -123.885 -44.839 10.737
11.260 -91.464 -4.061 -119.008 -28.093 24.438
-12.437 -83.196 -27.488 -130.500 -4.461 34.902
-8.332 -76.770 -45.970 -85.869 7.400 53.628
-0.440 -105.243 -62.247 -113.884 18.522 70.227
5.307 -105.241 4.802 -84.490 3.840 85.431
15.500 -95.442 -22.216 -62.310 -8.407 94.871
25.683 -85.705 -42.439 -43.894 -16.153 109.181
37.912 -106.869 -37.296 -16.761 -30.106 96.382
20.168 -115.126 14.203 -3.930 0.511 80.603
6.269 -93.527 14.203 -79.838 0.511 80.601
