-0.001 -90.001 -0.002 -89.999 -0.001 -0.001
-15.852 -123.510 -42.622 -35.951 11.610 -27.291
-23.634 -133.429 -97.030 3.663 18.712 4.742
-28.902 -153.207 -79.152 -10.783 11.781 22.079
-15.294 -150.627 -39.667 -126.105 1.368 22.078
-6.762 -139.178 8.777 -140.349 15.362 44.390
3.717 -142.974 69.504 -109.223 19.548 88.768
28.773 -124.313 40.528 -92.484 -13.949 112.967
66.226 -91.967 -29.813 -93.040 -45.530 133.770
110.240 -96.062 -49.707 -104.663 -60.054 170.826
131.652 -78.992 -76.123 -119.372 -83.265 197.095
140.281 -69.729 -94.341 -120.894 -112.487 158.572
144.752 -97.478 -104.167 -126.088 -141.792 134.493
150.064 -98.878 -63.853 -104.847 -158.481 93.395
159.182 -118.334 -84.287 -140.209 -163.392 62.932
164.688 -145.528 -95.648 -150.661 -165.885 39.509
168.830 -135.354 -68.653 -104.682 -159.988 25.714
171.297 -128.585 -29.656 -141.752 -162.052 15.083
175.213 -121.968 -15.104 -120.041 -169.329 1.555
178.763 -129.461 14.812 -97.803 -176.114 -8.972
179.951 -144.524 37.586 -84.100 -187.896 -23.442
169.060 -155.980 51.045 -74.785 -196.284 -36.034
172.061 -181.945 81.792 -98.810 -190.891 -52.720
169.060 -147.908 50.624 -120.010 -180.312 -71.711
157.427 -135.039 -7.890 -96.755 -175.225 -87.551
148.822 -117.522 -29.277 -130.156 -187.421 -108.956
139.137 -138.589 -47.234 -140.110 -195.162 -122.524
132.834 -161.292 -57.419 -113.895 -188.402 -134.911
127.002 -138.035 -94.469 -124.233 -196.429 -149.887
113.553 -116.685 -115.722 -137.026 -211.921 -166.851
108.596 -98.790 -134.753 -124.797 -220.706 -178.318
98.296 -90.996 -75.867 -143.859 -245.814 -188.443
82.805 -105.756 -44.464 -188.740 -266.493 -195.277
63.211 -115.716 -22.492 -201.725 -285.442 -209.994
59.735 -98.952 -27.959 -171.188 -327.587 -224.144
52.982 -91.533 -43.214 -160.847 -343.891 -202.010
26.161 -86.364 -47.201 -124.972 -353.674 -186.233
2.300 -75.572 -66.298 -76.626 -323.038 -174.559
-1.390 -66.909 -67.990 -90.632 -297.234 -152.240
-5.705 -93.696 -51.956 -115.508 -293.711 -139.030
43.648 -101.923 -50.273 -148.093 -256.207 -123.361
71.767 -92.964 -42.274 -196.846 -237.195 -101.708
99.416 -108.849 -16.953 -191.807 -212.396 -92.857
109.657 -123.012 5.440 -154.472 -198.857 -77.800
93.621 -130.537 22.615 -148.393 -156.333 -65.882
78.100 -141.256 53.823 -131.364 -127.828 -46.559
67.252 -158.106 77.894 -116.028 -103.396 -32.710
60.817 -141.000 89.725 -126.728 -76.608 -23.996
49.174 -119.485 60.340 -135.425 -60.259 -5.628
43.856 -103.849 26.785 -123.886 -44.839 10.737
11.260 -91.461 -4.061 -119.007 -28.093 24.436
-12.436 -83.197 -27.487 -130.500 -4.463 34.901
-8.334 -76.771 -45.970 -85.870 7.400 53.630
-0.442 -105.242 -62.249 -113.884 18.521 70.229
5.306 -105.242 4.802 -84.490 3.840 85.431
15.504 -95.443 -22.214 -62.310 -8.407 94.872
25.683 -85.705 -42.439 -43.895 -16.153 109.181
37.912 -106.870 -37.295 -16.760 -30.106 96.381
20.168 -115.126 14.205 -3.930 0.511 80.603
6.268 -93.526 14.205 -79.838 0.509 80.601
