0.000 0.001 0.000 -90.000 0.002 -0.001 0.000
-12.101 -2.784 5.067 -84.841 -17.709 -3.976 -5.034
-4.812 9.147 7.720 -100.703 -39.195 -2.924 16.186
-0.240 23.089 5.817 -109.648 -48.698 -7.475 27.835
-10.962 18.214 6.985 -99.145 -27.162 -10.637 44.324
-16.666 14.510 12.467 -97.407 -22.731 -2.363 69.038
-11.501 15.234 10.802 -103.699 -14.710 1.592 44.812
-7.092 5.821 6.985 -93.370 -24.412 6.580 69.059
0.461 9.895 -2.834 -106.089 -14.803 7.524 48.008
6.704 -0.242 -0.520 -93.544 -4.038 8.363 28.564
13.171 -15.296 -16.433 -57.967 -4.038 -11.275 52.900
5.922 -28.959 -16.433 -59.882 -25.508 -0.293 81.516
5.922 -14.436 -12.820 -74.805 -2.743 5.297 60.988
9.778 4.032 -12.820 -91.327 -26.478 9.864 83.245
26.002 9.057 -26.432 -98.591 -9.831 3.561 22.673
35.984 9.055 -37.494 -99.812 -13.171 7.692 -6.243
-16.288 9.057 -8.784 -80.452 48.890 -23.279 -6.243
-25.538 -6.753 -8.784 -62.253 75.531 -44.210 -60.675
-29.539 -21.916 12.303 -62.253 75.530 -33.403 -71.853
-20.081 -6.157 10.846 -80.452 87.915 -5.179 -83.252
-31.982 -10.463 17.255 -82.597 84.553 -6.699 -86.841
-42.589 -13.774 21.261 -81.711 78.232 -13.101 -91.997
-49.242 -20.003 28.258 -76.780 81.582 -15.793 -93.527
-51.150 -25.899 38.993 -75.412 78.083 -14.422 -100.643
-54.040 -32.668 39.580 -69.447 77.552 -12.332 -103.449
-56.188 -23.191 39.581 -70.881 75.561 -15.528 -105.535
-58.065 -17.912 39.580 -72.514 72.111 -14.742 -108.051
-60.003 -10.843 39.582 -79.631 77.329 -17.838 -112.179
-63.477 -6.176 37.957 -82.929 74.899 -20.986 -115.447
-67.058 -2.951 38.204 -84.632 70.367 -21.962 -118.611
-68.344 -3.759 54.965 -84.630 70.367 -5.161 -115.016
-71.156 -4.960 55.329 -86.067 70.367 -7.127 -111.922
-65.969 2.402 55.329 -89.812 75.794 -5.260 -107.886
-63.912 3.174 56.378 -90.485 83.735 -4.066 -102.952
-57.384 4.103 56.650 -90.485 84.699 5.388 -99.910
-54.885 -1.581 55.909 -90.343 81.118 10.042 -96.433
-48.186 -2.826 54.439 -89.507 78.670 13.928 -92.846
-46.868 -5.221 53.546 -89.507 77.753 16.498 -89.352
-45.163 -8.544 53.546 -87.681 72.932 17.996 -82.461
-41.633 -10.606 50.772 -84.760 72.365 19.260 -77.371
-36.387 -13.702 48.444 -83.657 67.723 19.260 -73.702
-34.030 -15.484 47.257 -82.763 61.141 18.898 -69.662
-31.459 -16.533 46.238 -83.061 57.494 23.047 -64.996
-29.987 -18.365 44.274 -82.358 57.001 24.372 -61.548
-26.228 -19.733 42.332 -82.809 55.435 26.278 -58.953
-23.849 -21.090 41.395 -81.979 52.866 27.825 -54.597
-20.078 -25.814 40.231 -79.755 50.103 30.521 -48.289
-16.603 -29.173 38.276 -77.021 47.799 33.859 -43.511
-10.000 -34.362 28.396 -75.171 43.931 37.296 -35.882
4.002 -37.740 20.939 -79.268 38.625 42.339 -15.246
-41.214 -18.154 43.912 -88.248 62.625 14.666 -78.621
-39.024 -20.162 42.887 -87.450 56.110 13.267 -74.018
-36.736 -21.182 41.961 -88.504 52.366 18.508 -70.266
-35.379 -23.317 39.113 -87.106 52.381 19.196 -66.481
-31.454 -25.562 37.822 -87.245 50.819 21.114 -63.224
-28.427 -26.086 35.921 -86.294 47.580 22.100 -59.484
-25.561 -30.060 35.636 -85.579 45.761 25.284 -53.308
-21.289 -34.721 33.955 -82.308 42.382 28.097 -48.240
-15.526 -39.213 23.303 -80.627 38.623 32.200 -40.448
-1.068 -42.483 15.616 -84.292 33.405 38.414 -20.360
0.000 -30.000 0.000 -90.000 0.002 -0.002 0.001
0.000 -19.999 0.000 -90.000 0.001 -0.001 0.000
0.000 -10.000 0.001 -90.000 0.002 0.001 0.000
0.000 9.999 0.000 -90.001 0.001 -0.001 0.000
0.000 19.999 -0.001 -90.000 0.001 0.001 0.000
0.000 0.001 -30.000 -90.001 0.002 0.001 0.001
0.000 0.001 -20.001 -90.001 0.002 -0.001 0.000
0.000 0.001 -10.000 -90.000 0.001 -0.001 0.000
0.000 0.001 9.999 -90.000 0.002 0.001 0.000
0.000 0.001 19.998 -90.000 0.002 -0.001 0.000
-0.001 0.001 24.999 -89.999 0.001 -0.001 0.000
-0.001 0.001 0.001 -108.000 0.001 -0.001 0.000
0.000 0.001 0.001 -100.002 0.002 -0.001 0.000
0.000 0.000 0.000 -80.000 0.001 0.001 0.000
0.000 0.001 -0.001 -69.999 0.001 0.001 0.000
-0.001 0.001 0.000 -60.000 0.002 0.001 0.000
0.000 0.000 0.001 -90.000 -44.998 -0.001 0.000
0.000 0.001 0.000 -90.001 -29.997 -0.001 0.000
0.000 0.001 0.000 -90.000 -14.998 0.001 0.000
0.000 0.001 0.000 -90.000 15.000 -0.001 0.001
-0.001 0.000 0.000 -90.000 29.999 0.001 0.000
0.000 0.001 -0.001 -90.000 44.999 -0.001 0.000
