0.000 0.000 0.000 -89.999 0.001 -0.001 0.000
-12.101 -2.785 5.067 -84.841 -17.709 -3.977 -5.033
-4.812 9.146 7.721 -100.703 -39.194 -2.922 16.186
-0.239 23.090 5.817 -109.649 -48.698 -7.478 27.834
-10.962 18.214 6.986 -99.145 -27.160 -10.639 44.324
-16.666 14.510 12.467 -97.407 -22.729 -2.363 69.038
-11.501 15.234 10.802 -103.701 -14.710 1.593 44.812
-7.092 5.820 6.986 -93.371 -24.412 6.577 69.059
0.460 9.895 -2.833 -106.091 -14.802 7.524 48.008
6.704 -0.242 -0.520 -93.543 -4.038 8.363 28.564
13.171 -15.295 -16.432 -57.966 -4.038 -11.275 52.900
5.922 -28.959 -16.434 -59.881 -25.510 -0.293 81.517
5.922 -14.437 -12.820 -74.805 -2.743 5.297 60.986
9.778 4.031 -12.820 -91.328 -26.478 9.862 83.246
26.002 9.057 -26.432 -98.590 -9.831 3.562 22.674
35.984 9.057 -37.493 -99.813 -13.171 7.692 -6.243
-16.289 9.055 -8.784 -80.452 48.891 -23.281 -6.243
-25.538 -6.752 -8.785 -62.253 75.530 -44.211 -60.675
-29.538 -21.915 12.303 -62.253 75.529 -33.403 -71.854
-20.080 -6.158 10.846 -80.452 87.915 -5.179 -83.252
-31.983 -10.464 17.255 -82.597 84.551 -6.700 -86.842
-42.587 -13.774 21.263 -81.711 78.231 -13.101 -91.997
-49.243 -20.002 28.258 -76.781 81.582 -15.793 -93.527
-51.148 -25.899 38.993 -75.412 78.085 -14.422 -100.643
-54.039 -32.668 39.582 -69.446 77.552 -12.335 -103.450
-56.187 -23.191 39.582 -70.882 75.561 -15.531 -105.535
-58.065 -17.910 39.581 -72.514 72.111 -14.741 -108.051
-60.003 -10.842 39.580 -79.631 77.329 -17.838 -112.181
-63.478 -6.176 37.958 -82.929 74.899 -20.986 -115.446
-67.058 -2.952 38.205 -84.630 70.367 -21.963 -118.613
-68.345 -3.759 54.966 -84.630 70.367 -5.161 -115.016
-71.156 -4.962 55.329 -86.067 70.367 -7.125 -111.922
-65.970 2.402 55.329 -89.813 75.794 -5.261 -107.888
-63.912 3.174 56.378 -90.485 83.736 -4.069 -102.953
-57.384 4.102 56.651 -90.483 84.701 5.390 -99.907
-54.884 -1.581 55.909 -90.343 81.118 10.037 -96.433
-48.185 -2.826 54.439 -89.508 78.670 13.929 -92.846
-46.868 -5.221 53.545 -89.508 77.752 16.498 -89.352
-45.163 -8.544 53.545 -87.679 72.933 17.993 -82.462
-41.631 -10.606 50.772 -84.760 72.366 19.262 -77.371
-36.387 -13.702 48.444 -83.658 67.722 19.260 -73.705
-34.030 -15.484 47.256 -82.762 61.141 18.898 -69.662
-31.459 -16.534 46.238 -83.061 57.494 23.045 -64.996
-29.985 -18.365 44.274 -82.358 57.000 24.372 -61.548
-26.228 -19.733 42.330 -82.811 55.436 26.278 -58.953
-23.849 -21.090 41.395 -81.979 52.866 27.824 -54.597
-20.078 -25.814 40.231 -79.755 50.104 30.522 -48.290
-16.604 -29.173 38.276 -77.022 47.801 33.861 -43.509
-9.999 -34.362 28.396 -75.170 43.932 37.297 -35.881
4.000 -37.739 20.940 -79.268 38.624 42.339 -15.246
-41.214 -18.155 43.912 -88.247 62.625 14.666 -78.621
-39.025 -20.162 42.887 -87.450 56.110 13.269 -74.018
-36.737 -21.182 41.961 -88.504 52.366 18.509 -70.267
-35.379 -23.317 39.113 -87.106 52.381 19.194 -66.481
-31.454 -25.562 37.823 -87.244 50.819 21.117 -63.224
-28.427 -26.086 35.921 -86.296 47.580 22.101 -59.484
-25.562 -30.060 35.636 -85.579 45.761 25.287 -53.308
-21.289 -34.721 33.955 -82.308 42.383 28.097 -48.240
-15.528 -39.213 23.303 -80.626 38.622 32.197 -40.448
-1.068 -42.483 15.616 -84.293 33.403 38.412 -20.361
0.000 -30.000 0.000 -90.001 0.001 -0.001 0.000
-0.001 -19.999 0.000 -90.000 0.001 0.001 0.001
-0.001 -9.999 -0.001 -89.999 0.001 0.001 0.001
0.000 10.000 0.000 -89.999 0.001 -0.002 0.000
0.000 19.999 0.000 -90.000 0.002 -0.001 0.000
0.000 0.001 -30.000 -90.001 0.001 0.001 0.000
0.000 0.001 -20.000 -89.999 0.001 -0.001 0.000
0.000 0.001 -10.000 -90.000 0.001 0.001 0.000
0.000 0.001 9.999 -90.000 0.001 0.001 0.001
-0.001 0.001 19.999 -90.000 0.002 -0.001 0.000
0.000 0.001 24.998 -90.000 0.002 -0.001 0.000
0.000 0.001 -0.001 -108.000 0.001 0.001 0.000
0.000 0.001 0.000 -100.000 0.001 0.001 0.000
0.000 0.001 0.001 -79.999 0.001 -0.001 0.001
0.000 0.001 0.001 -69.999 0.002 0.001 0.000
0.000 0.001 0.000 -59.999 0.001 0.001 0.000
0.000 0.000 0.000 -90.001 -44.999 0.001 0.000
-0.001 0.000 0.000 -90.000 -29.999 -0.001 0.000
0.000 0.001 0.000 -90.000 -14.998 0.001 0.001
0.000 0.001 -0.001 -90.001 14.999 -0.001 0.000
-0.001 0.001 0.001 -90.000 30.000 0.001 0.000
0.000 0.001 0.000 -90.001 45.001 0.001 0.001
