1323.769916
1474.299853
1580.890714
1743.377553
1627.802344
1416.189373
1275.005264
1243.721485
1227.195199
1374.836808
1580.343230
1591.289394
1547.743385
1485.983014
1597.613533
1692.458061
1728.914859
1703.105917
1713.518636
1715.111953
1705.236190
1625.472029
1654.737840
1632.491051
1547.115182
1456.706675
1370.162139
1400.024567
1383.249105
1349.129641
1377.774268
1169.944550
1041.580684
976.661753
1141.629817
1145.051590
1181.276760
1321.341335
1399.498140
1442.503685
1147.634590
1184.266863
1185.772443
1204.825577
1130.213378
1124.731522
1080.915280
1279.514986
1308.836948
1317.379097
1287.393837
1333.013968
1316.371868
1315.841932
1294.809434
1266.614024
1268.891696
1135.323226
1283.400014
1350.624693
