1321.688777
1471.467677
1578.033972
1741.061276
1625.380782
1413.967853
1272.510002
1241.156033
1224.608690
1372.106408
1577.612831
1588.709904
1545.139328
1483.319295
1595.041061
1689.896118
1726.440654
1700.336913
1710.953183
1712.423668
1702.498772
1622.622306
1651.898645
1629.441286
1544.170703
1453.635853
1367.000070
1397.448586
1380.459044
1346.399242
1374.854355
1166.705271
1038.292272
973.485646
1138.597599
1142.040430
1178.423528
1318.681126
1397.009897
1439.976837
1145.311294
1182.020776
1183.480733
1202.660209
1127.907630
1122.573173
1078.504247
1277.542641
1306.731242
1315.326034
1285.084579
1330.574858
1313.574788
1313.160665
1292.387871
1264.280199
1266.821085
1133.182424
1281.308346
1348.733067
