1462.992209
1625.987927
1630.620482
1764.750474
1674.556047
1585.017899
1395.521864
1366.975504
1292.156243
1311.009335
1494.472521
1505.966168
1412.328911
1413.378255
1431.469783
1483.452657
1524.752579
1576.131817
1658.205236
1715.206710
1704.042956
1608.552678
1580.908261
1614.508318
1474.008563
1401.119534
1177.328560
1118.835544
1153.509511
1169.674317
1227.542641
1165.603285
1050.986173
1040.745420
1213.143118
1203.537587
1299.887696
1454.551835
1523.720783
1616.750895
1290.085632
1251.740717
1225.693128
1249.838563
1173.268056
1191.243771
1146.185162
1335.979504
1386.028638
1411.311153
1427.367165
1491.145504
1469.607637
1455.099319
1453.305959
1415.445357
1391.089352
1270.053345
1371.021970
1458.650944
