-0.001 -90.001 0.002 -90.001 -0.002 0.000
-15.852 -123.510 -42.625 -35.951 11.610 -27.289
-23.633 -133.428 -97.033 3.663 18.711 4.742
-28.902 -153.207 -79.150 -10.783 11.781 22.078
-15.293 -150.627 -39.667 -126.104 1.369 22.079
-6.763 -139.176 8.777 -140.349 15.363 44.392
3.717 -142.976 69.504 -109.223 19.548 88.767
28.773 -124.313 40.529 -92.483 -13.950 112.967
66.226 -91.967 -29.813 -93.039 -45.530 133.771
110.239 -96.062 -49.710 -104.662 -60.054 170.826
131.653 -78.990 -76.122 -119.373 -83.265 197.097
140.280 -69.728 -94.342 -120.894 -112.486 158.573
144.753 -97.480 -104.165 -126.088 -141.791 134.493
150.066 -98.878 -63.852 -104.847 -158.483 93.395
159.182 -118.335 -84.287 -140.210 -163.391 62.932
164.686 -145.529 -95.648 -150.662 -165.886 39.510
168.828 -135.353 -68.654 -104.682 -159.989 25.714
171.299 -128.586 -29.658 -141.752 -162.052 15.081
175.209 -121.968 -15.105 -120.042 -169.330 1.555
178.765 -129.463 14.812 -97.803 -176.113 -8.972
179.951 -144.522 37.587 -84.100 -187.897 -23.442
169.060 -155.980 51.045 -74.785 -196.283 -36.034
172.061 -181.943 81.790 -98.810 -190.890 -52.719
169.062 -147.908 50.624 -120.010 -180.310 -71.711
157.429 -135.042 -7.887 -96.755 -175.224 -87.550
148.821 -117.523 -29.277 -130.156 -187.421 -108.955
139.134 -138.590 -47.233 -140.111 -195.161 -122.522
132.834 -161.294 -57.421 -113.895 -188.402 -134.911
127.001 -138.038 -94.468 -124.233 -196.428 -149.887
113.553 -116.686 -115.719 -137.028 -211.920 -166.851
108.596 -98.790 -134.755 -124.797 -220.704 -178.317
98.295 -90.993 -75.869 -143.859 -245.814 -188.443
82.804 -105.757 -44.464 -188.740 -266.493 -195.279
63.212 -115.718 -22.491 -201.725 -285.442 -209.994
59.731 -98.952 -27.959 -171.188 -327.588 -224.145
52.983 -91.533 -43.217 -160.848 -343.891 -202.010
26.159 -86.362 -47.202 -124.973 -353.673 -186.234
2.304 -75.573 -66.298 -76.626 -323.038 -174.559
-1.390 -66.908 -67.989 -90.631 -297.234 -152.240
-5.703 -93.695 -51.958 -115.508 -293.709 -139.028
43.648 -101.922 -50.272 -148.092 -256.207 -123.361
71.768 -92.961 -42.273 -196.845 -237.192 -101.709
99.415 -108.851 -16.952 -191.807 -212.396 -92.858
109.654 -123.013 5.437 -154.472 -198.858 -77.800
93.622 -130.537 22.620 -148.393 -156.333 -65.882
78.100 -141.257 53.822 -131.364 -127.827 -46.559
67.253 -158.106 77.892 -116.027 -103.394 -32.710
60.819 -141.000 89.726 -126.729 -76.607 -23.996
49.173 -119.485 60.337 -135.424 -60.258 -5.627
43.857 -103.850 26.783 -123.885 -44.839 10.738
11.260 -91.461 -4.059 -119.007 -28.093 24.438
-12.437 -83.199 -27.487 -130.500 -4.463 34.900
-8.332 -76.770 -45.970 -85.868 7.400 53.628
-0.441 -105.242 -62.248 -113.884 18.521 70.228
5.305 -105.240 4.802 -84.491 3.840 85.430
15.502 -95.442 -22.215 -62.310 -8.407 94.870
25.682 -85.706 -42.439 -43.895 -16.153 109.181
37.912 -106.868 -37.298 -16.759 -30.107 96.381
20.167 -115.126 14.203 -3.929 0.510 80.603
6.268 -93.529 14.203 -79.838 0.510 80.601
