-0.001 -90.001 -0.001 -89.999 -0.002 -0.002
-15.851 -123.513 -42.627 -35.951 11.610 -27.291
-23.633 -133.428 -97.032 3.663 18.711 4.741
-28.901 -153.204 -79.150 -10.783 11.781 22.078
-15.291 -150.625 -39.668 -126.105 1.369 22.078
-6.762 -139.177 8.779 -140.350 15.362 44.393
3.715 -142.975 69.507 -109.223 19.547 88.769
28.776 -124.314 40.529 -92.483 -13.949 112.966
66.227 -91.968 -29.813 -93.040 -45.530 133.772
110.238 -96.062 -49.708 -104.663 -60.053 170.825
131.652 -78.992 -76.125 -119.372 -83.265 197.096
140.282 -69.727 -94.340 -120.893 -112.488 158.571
144.754 -97.480 -104.164 -126.088 -141.792 134.493
150.067 -98.878 -63.851 -104.847 -158.483 93.396
159.181 -118.337 -84.288 -140.209 -163.391 62.932
164.688 -145.530 -95.647 -150.661 -165.886 39.510
168.827 -135.353 -68.656 -104.682 -159.988 25.714
171.300 -128.585 -29.658 -141.751 -162.052 15.081
175.211 -121.969 -15.104 -120.040 -169.329 1.555
178.762 -129.460 14.814 -97.802 -176.113 -8.972
179.950 -144.520 37.587 -84.100 -187.895 -23.443
169.059 -155.979 51.046 -74.785 -196.283 -36.036
172.062 -181.944 81.792 -98.808 -190.891 -52.719
169.058 -147.910 50.624 -120.010 -180.310 -71.711
157.429 -135.042 -7.887 -96.755 -175.225 -87.550
148.821 -117.519 -29.277 -130.156 -187.420 -108.956
139.138 -138.588 -47.236 -140.111 -195.162 -122.523
132.836 -161.292 -57.419 -113.895 -188.403 -134.911
127.001 -138.035 -94.469 -124.233 -196.427 -149.886
113.553 -116.686 -115.718 -137.027 -211.921 -166.851
108.598 -98.790 -134.754 -124.797 -220.706 -178.316
98.296 -90.995 -75.870 -143.859 -245.813 -188.442
82.807 -105.759 -44.464 -188.742 -266.493 -195.278
63.211 -115.718 -22.491 -201.725 -285.442 -209.993
59.733 -98.954 -27.957 -171.188 -327.588 -224.144
52.980 -91.533 -43.213 -160.847 -343.891 -202.010
26.158 -86.363 -47.203 -124.972 -353.673 -186.235
2.304 -75.571 -66.298 -76.626 -323.039 -174.559
-1.390 -66.911 -67.989 -90.632 -297.234 -152.239
-5.704 -93.695 -51.957 -115.509 -293.711 -139.029
43.648 -101.922 -50.275 -148.092 -256.207 -123.361
71.768 -92.964 -42.273 -196.846 -237.193 -101.707
99.417 -108.850 -16.952 -191.808 -212.395 -92.858
109.655 -123.010 5.439 -154.472 -198.858 -77.799
93.622 -130.534 22.617 -148.394 -156.333 -65.882
78.100 -141.256 53.823 -131.364 -127.829 -46.559
67.250 -158.106 77.894 -116.029 -103.396 -32.711
60.818 -141.001 89.723 -126.727 -76.608 -23.996
49.172 -119.485 60.341 -135.425 -60.258 -5.628
43.857 -103.851 26.783 -123.885 -44.839 10.737
11.262 -91.462 -4.061 -119.008 -28.093 24.437
-12.434 -83.197 -27.489 -130.500 -4.463 34.899
-8.331 -76.770 -45.967 -85.869 7.399 53.628
-0.439 -105.241 -62.248 -113.885 18.521 70.228
5.306 -105.241 4.802 -84.492 3.840 85.430
15.502 -95.442 -22.216 -62.310 -8.407 94.871
25.685 -85.706 -42.440 -43.895 -16.151 109.182
37.911 -106.868 -37.297 -16.759 -30.105 96.382
20.169 -115.126 14.205 -3.929 0.512 80.602
6.268 -93.529 14.207 -79.839 0.511 80.601
