-0.001 -90.002 -0.002 -90.000 -0.001 -0.001
-15.851 -123.511 -42.626 -35.951 11.610 -27.291
-23.634 -133.428 -97.030 3.663 18.712 4.741
-28.900 -153.208 -79.150 -10.783 11.781 22.079
-15.294 -150.627 -39.669 -126.106 1.369 22.079
-6.761 -139.176 8.778 -140.350 15.364 44.392
3.717 -142.977 69.505 -109.223 19.547 88.767
28.773 -124.316 40.530 -92.482 -13.949 112.966
66.225 -91.968 -29.813 -93.040 -45.530 133.771
110.240 -96.060 -49.710 -104.662 -60.055 170.826
131.651 -78.991 -76.124 -119.372 -83.265 197.097
140.280 -69.729 -94.341 -120.894 -112.486 158.573
144.753 -97.480 -104.164 -126.087 -141.792 134.493
150.068 -98.879 -63.850 -104.846 -158.483 93.395
159.182 -118.336 -84.286 -140.208 -163.391 62.932
164.690 -145.530 -95.646 -150.661 -165.886 39.509
168.826 -135.355 -68.654 -104.682 -159.988 25.714
171.299 -128.585 -29.655 -141.752 -162.052 15.081
175.209 -121.968 -15.104 -120.041 -169.329 1.555
178.763 -129.460 14.813 -97.802 -176.114 -8.972
179.949 -144.521 37.587 -84.101 -187.896 -23.441
169.059 -155.980 51.045 -74.785 -196.284 -36.034
172.062 -181.945 81.790 -98.810 -190.890 -52.719
169.060 -147.908 50.625 -120.010 -180.310 -71.712
157.427 -135.042 -7.885 -96.755 -175.225 -87.549
148.821 -117.521 -29.275 -130.156 -187.421 -108.956
139.134 -138.588 -47.234 -140.111 -195.163 -122.524
132.835 -161.293 -57.418 -113.894 -188.402 -134.911
127.001 -138.036 -94.469 -124.233 -196.429 -149.887
113.553 -116.686 -115.720 -137.027 -211.921 -166.850
108.597 -98.788 -134.753 -124.796 -220.705 -178.316
98.295 -90.997 -75.872 -143.860 -245.814 -188.443
82.807 -105.757 -44.464 -188.741 -266.493 -195.278
63.210 -115.717 -22.490 -201.725 -285.441 -209.993
59.733 -98.953 -27.959 -171.188 -327.588 -224.144
52.982 -91.533 -43.214 -160.847 -343.892 -202.010
26.159 -86.363 -47.206 -124.972 -353.675 -186.235
2.302 -75.572 -66.300 -76.627 -323.037 -174.558
-1.390 -66.907 -67.990 -90.632 -297.234 -152.240
-5.704 -93.693 -51.960 -115.510 -293.710 -139.029
43.647 -101.921 -50.273 -148.092 -256.207 -123.361
71.766 -92.964 -42.274 -196.848 -237.193 -101.709
99.417 -108.848 -16.954 -191.806 -212.394 -92.858
109.655 -123.011 5.440 -154.471 -198.858 -77.799
93.621 -130.537 22.618 -148.392 -156.333 -65.882
78.102 -141.255 53.823 -131.363 -127.829 -46.559
67.252 -158.106 77.892 -116.028 -103.395 -32.712
60.818 -140.999 89.724 -126.728 -76.608 -23.995
49.175 -119.483 60.341 -135.425 -60.258 -5.628
43.855 -103.850 26.783 -123.885 -44.840 10.737
11.262 -91.461 -4.060 -119.007 -28.093 24.438
-12.434 -83.197 -27.489 -130.500 -4.463 34.900
-8.331 -76.772 -45.970 -85.869 7.399 53.630
-0.442 -105.243 -62.248 -113.884 18.520 70.228
5.307 -105.242 4.800 -84.491 3.840 85.430
15.502 -95.443 -22.218 -62.310 -8.407 94.870
25.683 -85.705 -42.439 -43.895 -16.151 109.182
37.913 -106.867 -37.299 -16.761 -30.106 96.381
20.168 -115.125 14.203 -3.930 0.511 80.603
6.268 -93.529 14.205 -79.838 0.512 80.601
