-0.002 -89.999 0.001 -90.000 -0.002 -0.001
-15.852 -123.511 -42.625 -35.951 11.610 -27.289
-23.631 -133.426 -97.031 3.663 18.711 4.741
-28.900 -153.203 -79.150 -10.783 11.781 22.080
-15.294 -150.628 -39.668 -126.105 1.368 22.080
-6.762 -139.177 8.778 -140.350 15.363 44.392
3.715 -142.977 69.504 -109.223 19.548 88.768
28.775 -124.314 40.528 -92.484 -13.951 112.966
66.226 -91.967 -29.813 -93.040 -45.531 133.772
110.238 -96.062 -49.708 -104.663 -60.053 170.826
131.653 -78.991 -76.122 -119.372 -83.265 197.097
140.281 -69.727 -94.341 -120.894 -112.486 158.573
144.752 -97.478 -104.165 -126.088 -141.792 134.493
150.067 -98.878 -63.850 -104.847 -158.483 93.395
159.182 -118.336 -84.287 -140.210 -163.391 62.933
164.688 -145.530 -95.648 -150.661 -165.885 39.510
168.829 -135.355 -68.653 -104.683 -159.988 25.714
171.297 -128.587 -29.657 -141.752 -162.052 15.081
175.211 -121.970 -15.104 -120.041 -169.330 1.555
178.763 -129.460 14.813 -97.802 -176.114 -8.972
179.950 -144.524 37.587 -84.101 -187.896 -23.442
169.062 -155.980 51.048 -74.785 -196.284 -36.034
172.062 -181.944 81.793 -98.808 -190.891 -52.719
169.060 -147.908 50.624 -120.010 -180.310 -71.712
157.428 -135.041 -7.887 -96.755 -175.225 -87.550
148.821 -117.522 -29.276 -130.156 -187.420 -108.956
139.134 -138.588 -47.235 -140.110 -195.163 -122.522
132.834 -161.294 -57.419 -113.895 -188.402 -134.911
127.001 -138.036 -94.469 -124.234 -196.429 -149.888
113.552 -116.687 -115.718 -137.027 -211.920 -166.850
108.597 -98.788 -134.753 -124.797 -220.706 -178.316
98.298 -90.993 -75.872 -143.860 -245.814 -188.442
82.805 -105.759 -44.463 -188.741 -266.493 -195.278
63.211 -115.717 -22.490 -201.725 -285.443 -209.994
59.731 -98.953 -27.957 -171.188 -327.588 -224.143
52.982 -91.535 -43.214 -160.847 -343.891 -202.010
26.160 -86.362 -47.203 -124.972 -353.673 -186.235
2.303 -75.571 -66.298 -76.626 -323.039 -174.560
-1.390 -66.909 -67.990 -90.630 -297.234 -152.240
-5.705 -93.693 -51.957 -115.508 -293.711 -139.030
43.647 -101.922 -50.275 -148.092 -256.207 -123.362
71.766 -92.964 -42.273 -196.846 -237.194 -101.708
99.416 -108.849 -16.952 -191.807 -212.395 -92.858
109.655 -123.012 5.438 -154.472 -198.859 -77.801
93.623 -130.536 22.620 -148.393 -156.333 -65.882
78.100 -141.258 53.823 -131.363 -127.829 -46.560
67.252 -158.106 77.890 -116.027 -103.395 -32.710
60.820 -140.999 89.723 -126.728 -76.608 -23.997
49.172 -119.487 60.340 -135.424 -60.259 -5.628
43.857 -103.848 26.783 -123.885 -44.839 10.737
11.260 -91.462 -4.060 -119.007 -28.093 24.437
-12.436 -83.197 -27.488 -130.499 -4.463 34.900
-8.332 -76.771 -45.972 -85.869 7.399 53.629
-0.439 -105.244 -62.249 -113.884 18.522 70.229
5.306 -105.242 4.803 -84.492 3.841 85.431
15.504 -95.442 -22.217 -62.310 -8.407 94.870
25.684 -85.706 -42.439 -43.895 -16.153 109.181
37.912 -106.868 -37.297 -16.761 -30.107 96.380
20.167 -115.125 14.205 -3.930 0.512 80.603
6.268 -93.529 14.201 -79.838 0.512 80.601
