-0.001 -89.999 -0.001 -90.000 -0.001 -0.002
-15.851 -123.513 -42.625 -35.952 11.610 -27.291
-23.634 -133.428 -97.031 3.663 18.712 4.741
-28.900 -153.206 -79.152 -10.783 11.781 22.080
-15.292 -150.627 -39.668 -126.105 1.368 22.078
-6.765 -139.178 8.779 -140.349 15.363 44.393
3.716 -142.977 69.504 -109.223 19.549 88.767
28.773 -124.315 40.529 -92.484 -13.950 112.966
66.226 -91.968 -29.813 -93.039 -45.531 133.770
110.240 -96.061 -49.710 -104.663 -60.055 170.825
131.653 -78.991 -76.123 -119.373 -83.265 197.095
140.281 -69.730 -94.342 -120.894 -112.486 158.571
144.752 -97.480 -104.167 -126.088 -141.792 134.493
150.066 -98.879 -63.852 -104.847 -158.483 93.395
159.182 -118.336 -84.287 -140.208 -163.391 62.932
164.687 -145.530 -95.650 -150.661 -165.885 39.511
168.828 -135.356 -68.652 -104.682 -159.987 25.714
171.298 -128.585 -29.658 -141.752 -162.052 15.081
175.209 -121.970 -15.106 -120.041 -169.328 1.555
178.763 -129.464 14.813 -97.803 -176.114 -8.972
179.949 -144.522 37.590 -84.101 -187.896 -23.443
169.060 -155.979 51.047 -74.785 -196.284 -36.036
172.062 -181.945 81.792 -98.809 -190.890 -52.718
169.061 -147.908 50.624 -120.011 -180.310 -71.711
157.428 -135.043 -7.887 -96.755 -175.226 -87.550
148.823 -117.521 -29.277 -130.156 -187.421 -108.955
139.135 -138.590 -47.232 -140.111 -195.161 -122.522
132.836 -161.295 -57.419 -113.894 -188.402 -134.912
127.001 -138.037 -94.467 -124.233 -196.429 -149.887
113.553 -116.688 -115.722 -137.026 -211.920 -166.851
108.595 -98.789 -134.753 -124.797 -220.706 -178.317
98.295 -90.996 -75.870 -143.860 -245.814 -188.442
82.803 -105.759 -44.464 -188.742 -266.494 -195.277
63.212 -115.716 -22.490 -201.725 -285.443 -209.994
59.733 -98.951 -27.957 -171.188 -327.589 -224.145
52.982 -91.533 -43.215 -160.848 -343.891 -202.010
26.160 -86.364 -47.202 -124.972 -353.673 -186.235
2.302 -75.573 -66.299 -76.626 -323.039 -174.558
-1.392 -66.908 -67.991 -90.632 -297.234 -152.240
-5.703 -93.693 -51.957 -115.509 -293.711 -139.029
43.648 -101.922 -50.275 -148.093 -256.207 -123.361
71.767 -92.964 -42.271 -196.845 -237.194 -101.707
99.416 -108.848 -16.954 -191.808 -212.395 -92.858
109.655 -123.012 5.439 -154.472 -198.859 -77.800
93.622 -130.537 22.619 -148.393 -156.334 -65.882
78.102 -141.255 53.821 -131.363 -127.828 -46.561
67.255 -158.108 77.892 -116.027 -103.395 -32.709
60.816 -141.001 89.725 -126.728 -76.608 -23.996
49.173 -119.485 60.340 -135.425 -60.259 -5.628
43.856 -103.852 26.785 -123.886 -44.839 10.737
11.260 -91.461 -4.060 -119.008 -28.094 24.438
-12.436 -83.197 -27.488 -130.500 -4.463 34.900
-8.331 -76.770 -45.971 -85.870 7.401 53.629
-0.440 -105.243 -62.249 -113.883 18.520 70.228
5.305 -105.244 4.802 -84.490 3.840 85.431
15.502 -95.442 -22.216 -62.310 -8.407 94.870
25.685 -85.706 -42.442 -43.895 -16.153 109.183
37.912 -106.867 -37.297 -16.760 -30.106 96.381
20.166 -115.124 14.204 -3.930 0.512 80.603
6.267 -93.529 14.205 -79.839 0.511 80.600
