0.000 -0.001 -0.001 -90.000 0.001 0.001 0.000
-12.101 -2.786 5.069 -84.841 -17.709 -3.973 -5.034
-4.812 9.145 7.720 -100.702 -39.194 -2.924 16.184
-0.239 23.089 5.817 -109.649 -48.699 -7.476 27.834
-10.962 18.214 6.986 -99.145 -27.162 -10.636 44.323
-16.666 14.510 12.468 -97.406 -22.729 -2.363 69.036
-11.501 15.233 10.802 -103.701 -14.710 1.593 44.810
-7.092 5.819 6.986 -93.370 -24.413 6.579 69.057
0.461 9.895 -2.834 -106.089 -14.803 7.525 48.008
6.704 -0.242 -0.520 -93.544 -4.038 8.363 28.564
13.173 -15.295 -16.434 -57.966 -4.038 -11.275 52.899
5.922 -28.959 -16.433 -59.882 -25.509 -0.293 81.516
5.920 -14.437 -12.820 -74.805 -2.743 5.297 60.985
9.778 4.031 -12.820 -91.326 -26.480 9.864 83.243
26.002 9.055 -26.432 -98.591 -9.832 3.564 22.672
35.986 9.055 -37.493 -99.813 -13.172 7.695 -6.244
-16.287 9.055 -8.784 -80.452 48.889 -23.282 -6.244
-25.538 -6.754 -8.784 -62.253 75.529 -44.210 -60.677
-29.539 -21.916 12.303 -62.253 75.530 -33.403 -71.854
-20.081 -6.159 10.846 -80.452 87.913 -5.179 -83.254
-31.984 -10.464 17.255 -82.597 84.551 -6.699 -86.844
-42.589 -13.775 21.261 -81.711 78.232 -13.098 -92.000
-49.243 -20.003 28.258 -76.780 81.581 -15.794 -93.529
-51.148 -25.900 38.993 -75.410 78.083 -14.419 -100.644
-54.040 -32.669 39.582 -69.447 77.552 -12.331 -103.451
-56.188 -23.191 39.580 -70.881 75.561 -15.531 -105.536
-58.065 -17.912 39.581 -72.514 72.109 -14.741 -108.053
-60.003 -10.844 39.582 -79.631 77.329 -17.838 -112.180
-63.477 -6.176 37.957 -82.929 74.899 -20.986 -115.448
-67.058 -2.953 38.205 -84.632 70.365 -21.960 -118.614
-68.343 -3.759 54.966 -84.630 70.367 -5.161 -115.017
-71.156 -4.962 55.329 -86.068 70.367 -7.123 -111.922
-65.970 2.402 55.329 -89.812 75.794 -5.260 -107.888
-63.912 3.174 56.376 -90.485 83.735 -4.066 -102.953
-57.384 4.102 56.651 -90.485 84.699 5.388 -99.910
-54.884 -1.581 55.909 -90.343 81.117 10.042 -96.435
-48.186 -2.828 54.439 -89.507 78.668 13.929 -92.847
-46.869 -5.223 53.546 -89.507 77.751 16.498 -89.355
-45.163 -8.544 53.546 -87.681 72.932 17.994 -82.463
-41.631 -10.607 50.772 -84.760 72.366 19.262 -77.372
-36.387 -13.703 48.443 -83.658 67.722 19.263 -73.705
-34.028 -15.485 47.256 -82.764 61.141 18.898 -69.664
-31.459 -16.534 46.238 -83.061 57.494 23.045 -64.998
-29.987 -18.366 44.274 -82.358 56.999 24.375 -61.549
-26.228 -19.733 42.332 -82.809 55.434 26.281 -58.954
-23.849 -21.090 41.395 -81.979 52.867 27.825 -54.598
-20.078 -25.815 40.231 -79.755 50.104 30.522 -48.290
-16.604 -29.173 38.276 -77.022 47.798 33.861 -43.511
-10.000 -34.362 28.397 -75.171 43.930 37.299 -35.884
4.000 -37.741 20.940 -79.268 38.624 42.340 -15.247
-41.214 -18.156 43.914 -88.248 62.624 14.665 -78.622
-39.025 -20.163 42.887 -87.450 56.109 13.269 -74.020
-36.736 -21.183 41.961 -88.504 52.366 18.509 -70.269
-35.379 -23.318 39.113 -87.106 52.379 19.196 -66.482
-31.454 -25.562 37.822 -87.244 50.818 21.114 -63.226
-28.427 -26.086 35.921 -86.295 47.579 22.103 -59.485
-25.562 -30.061 35.636 -85.579 45.760 25.289 -53.310
-21.289 -34.721 33.955 -82.308 42.383 28.099 -48.241
-15.528 -39.213 23.303 -80.627 38.622 32.197 -40.449
-1.068 -42.484 15.616 -84.293 33.403 38.415 -20.363
-0.001 -30.000 0.001 -90.001 0.001 -0.001 0.000
0.000 -20.000 0.001 -90.001 -0.001 0.001 0.000
0.000 -10.000 0.000 -90.000 -0.001 -0.001 0.000
0.000 9.999 0.000 -90.000 0.001 0.001 0.000
0.000 19.998 0.001 -89.999 0.001 0.003 0.000
-0.001 0.000 -30.000 -90.000 0.001 0.001 0.000
0.000 0.000 -20.000 -90.001 0.001 -0.001 0.000
0.000 0.000 -10.000 -89.999 0.001 0.001 0.000
0.000 0.000 9.999 -90.000 0.001 -0.001 0.000
-0.001 0.001 19.998 -90.000 -0.001 0.001 -0.001
0.000 -0.001 24.998 -90.001 -0.001 0.001 0.000
0.000 0.000 0.000 -108.000 0.001 -0.001 0.000
0.000 0.000 0.000 -99.999 0.001 0.001 0.000
0.000 0.000 0.000 -80.000 0.001 -0.001 0.000
0.000 0.000 0.000 -69.999 0.001 0.001 0.000
-0.001 0.000 0.000 -60.000 0.001 -0.001 -0.001
0.000 0.000 0.000 -90.000 -44.999 -0.001 0.000
0.000 0.000 0.000 -90.000 -29.999 0.001 -0.001
0.000 0.000 0.000 -90.000 -15.000 0.001 0.000
-0.001 0.000 -0.001 -89.999 14.998 0.001 0.000
0.000 0.000 0.000 -90.001 29.999 0.001 0.000
0.000 -0.001 -0.001 -90.000 45.000 0.001 0.000
