1、RbtType 机器人类型，例如 3

2、RbtAxis 机器人轴数，例如 7

3、RbtDH 机器人DH 矩阵 (rows=7, cols=7): 例如：
0.000000	0.000000	0.000000	0.000000	0.000000	0.000000	0.000000	
0.000001	0.050506	0.491155	-0.118683	0.317832	-0.000769	0.141703	
1.570796	-1.570796	1.570796	-1.570796	1.570796	-1.570796	0.000000	
0.000000	0.000000	0.000000	0.000000	0.000000	0.000000	0.000000	
0.000000	0.000000	0.000000	0.000000	0.000000	0.000000	0.000000	
1.000000	1.000000	1.000000	-1.000000	1.000000	-1.000000	1.000000	
524288.000000	524288.000000	524288.000000	524288.000000	524288.000000	524288.000000	524288.000000	

4、theta 60 点的点位值矩阵 (rows=7, cols=60): 例如：
0.000000	-0.211202	-0.083968	-0.004189	-0.191306	-0.290877	-0.200730	-0.123761	0.008046	0.117024	0.229895	0.103358	0.103358	0.170658	0.453821	0.628057	-0.284279	-0.445722	-0.515553	-0.350480	-0.558209	-0.743301	-0.859452	-0.892718	-0.943176	-0.980666	-1.013425	-1.047267	-1.107900	-1.170383	-1.192828	-1.241906	-1.151376	-1.115475	-1.001540	-0.957906	-0.840987	-0.818001	-0.788243	-0.726598	-0.635073	-0.593918	-0.549063	-0.523354	-0.457765	-0.416244	-0.350427	-0.289794	-0.174533	0.069848	-0.719320	-0.681115	-0.641182	-0.617480	-0.548976	-0.496127	-0.446141	-0.371563	-0.271015	-0.018640	
0.000000	-0.048625	0.159628	0.402979	0.317877	0.253247	0.265866	0.101561	0.172700	-0.004224	-0.266966	-0.505430	-0.251973	0.070372	0.158040	0.158040	0.158040	-0.117880	-0.382489	-0.107495	-0.182631	-0.240419	-0.349101	-0.452023	-0.570182	-0.404742	-0.312606	-0.189264	-0.107809	-0.051540	-0.065624	-0.086603	0.041905	0.055362	0.071593	-0.027611	-0.049340	-0.091159	-0.149138	-0.185127	-0.239162	-0.270264	-0.288573	-0.320547	-0.344406	-0.368107	-0.450557	-0.509165	-0.599747	-0.658705	-0.316882	-0.351911	-0.369696	-0.406976	-0.446141	-0.455287	-0.524663	-0.606013	-0.684396	-0.741486	
0.000000	0.088436	0.134757	0.101561	0.121911	0.217608	0.188548	0.121911	-0.049463	-0.009058	-0.286810	-0.286810	-0.223734	-0.223751	-0.461325	-0.654394	-0.153310	-0.153310	0.214763	0.189298	0.301157	0.371109	0.493195	0.680574	0.690819	0.690836	0.690836	0.690836	0.662492	0.666803	0.959320	0.965673	0.965691	0.983964	0.988746	0.975814	0.950140	0.934537	0.934554	0.886121	0.845507	0.824773	0.807023	0.772745	0.738833	0.722496	0.702181	0.668042	0.495621	0.365472	0.766426	0.748537	0.732340	0.682651	0.660136	0.626975	0.621983	0.592644	0.406714	0.272568	
-1.570796	-1.480755	-1.757599	-1.913736	-1.730424	-1.700090	-1.809906	-1.629631	-1.851602	-1.632651	-1.011715	-1.045138	-1.305594	-1.593957	-1.720720	-1.742083	-1.404152	-1.086537	-1.086520	-1.404117	-1.441572	-1.426143	-1.340081	-1.316205	-1.212079	-1.237124	-1.265608	-1.389841	-1.447367	-1.477090	-1.477090	-1.502170	-1.567515	-1.579261	-1.579279	-1.576783	-1.562209	-1.562209	-1.530305	-1.479341	-1.460108	-1.444487	-1.449688	-1.437418	-1.445307	-1.430803	-1.391987	-1.344287	-1.311964	-1.383488	-1.540236	-1.526290	-1.544721	-1.520286	-1.522712	-1.506132	-1.493635	-1.436528	-1.407207	-1.471190	
0.000017	-0.309080	-0.684064	-0.849975	-0.474049	-0.396696	-0.256755	-0.426087	-0.258344	-0.070476	-0.070476	-0.445199	-0.047892	-0.462128	-0.171583	-0.229877	0.853326	1.318265	1.318265	1.534389	1.475693	1.365406	1.423874	1.362805	1.353538	1.318788	1.258539	1.349646	1.307217	1.228136	1.228136	1.228118	1.322872	1.461451	1.478294	1.415776	1.373050	1.357028	1.272921	1.263025	1.181972	1.067129	1.003442	0.994838	0.967541	0.922703	0.874497	0.834250	0.766758	0.674133	1.093030	0.979322	0.913942	0.914221	0.886976	0.830428	0.798680	0.739723	0.674081	0.583010	
0.000000	-0.069359	-0.050981	-0.130463	-0.185668	-0.041225	0.027821	0.114808	0.131319	0.145962	-0.196786	-0.005096	0.092485	0.172142	0.062151	0.134303	-0.406330	-0.771610	-0.582957	-0.090356	-0.116920	-0.228638	-0.275605	-0.251676	-0.215234	-0.271032	-0.257279	-0.311314	-0.366292	-0.383309	-0.090076	-0.124355	-0.091804	-0.071000	0.094073	0.175266	0.243142	0.287962	0.314037	0.336185	0.336238	0.329815	0.402246	0.425389	0.458673	0.485655	0.532727	0.591021	0.650990	0.738972	0.255987	0.231588	0.323060	0.335033	0.368509	0.385753	0.441359	0.490420	0.561996	0.670451	
0.000017	-0.087825	0.282499	0.485812	0.773600	1.204958	0.782117	1.205307	0.837898	0.498536	0.923314	1.422775	1.064406	1.452917	0.395736	-0.108961	-0.108961	-1.058979	-1.254089	-1.453039	-1.515679	-1.605651	-1.632354	-1.756552	-1.805526	-1.841933	-1.885863	-1.957893	-2.014930	-2.070187	-2.007373	-1.953390	-1.882983	-1.796869	-1.743724	-1.683091	-1.620451	-1.559487	-1.439233	-1.350379	-1.286395	-1.215831	-1.134429	-1.074215	-1.028941	-0.952897	-0.842802	-0.759393	-0.626259	-0.266093	-1.372195	-1.291858	-1.226373	-1.160312	-1.103467	-1.038174	-0.930400	-0.841929	-0.705951	-0.355384	

5、L 60 点的拉线编码器值数组 (size=60, 单位:m): 例如：
  [0] = 1.341422
  [1] = 1.325134
  [2] = 1.428767
  [3] = 1.529893
  [4] = 1.469172
  [5] = 1.436628
  [6] = 1.458973
  [7] = 1.373036
  [8] = 1.431546
  [9] = 1.349824
  [10] = 1.188186
  [11] = 1.180799
  [12] = 1.233118
  [13] = 1.339909
  [14] = 1.381283
  [15] = 1.371330
  [16] = 1.382999
  [17] = 1.291408
  [18] = 1.239614
  [19] = 1.296879
  [20] = 1.320035
  [21] = 1.344644
  [22] = 1.340158
  [23] = 1.324074
  [24] = 1.343215
  [25] = 1.324615
  [26] = 1.328774
  [27] = 1.344609
  [28] = 1.367491
  [29] = 1.383599
  [30] = 1.356158
  [31] = 1.366539
  [32] = 1.374155
  [33] = 1.377071
  [34] = 1.385017
  [35] = 1.374966
  [36] = 1.370537
  [37] = 1.365795
  [38] = 1.350606
  [39] = 1.332455
  [40] = 1.317599
  [41] = 1.306492
  [42] = 1.303537
  [43] = 1.296588
  [44] = 1.294717
  [45] = 1.287393
  [46] = 1.272404
  [47] = 1.257422
  [48] = 1.254274
  [49] = 1.299241
  [50] = 1.341794
  [51] = 1.333782
  [52] = 1.335017
  [53] = 1.332122
  [54] = 1.329676
  [55] = 1.319375
  [56] = 1.318575
  [57] = 1.305593
  [58] = 1.320284
  [59] = 1.355200

6、DHNewParams 计算结果，例如：
  [0] = 0.000000
  [1] = 0.000000
  [2] = 0.000000
  [3] = 0.000000
  [4] = 0.000000
  [5] = 0.000000
  [6] = 0.000000
  [7] = 0.000000
  [8] = 0.000000
  [9] = 0.000000
  [10] = 0.000000
  [11] = 0.000000

7、oldError 标定前误差，数组大小 = 60

8、nowError 标定后误差，数组大小 = 60