896.213238
843.633747
989.524110
1086.920053
1012.234155
991.254299
1017.926581
938.762547
968.600407
932.863059
777.058328
716.175335
771.323787
889.903138
915.877027
898.245245
874.970169
755.702955
704.667649
811.451534
786.463817
768.421422
738.853794
736.512950
702.856742
720.783323
741.563136
789.594301
814.122271
830.634520
855.018600
848.898014
912.816733
931.613673
959.170352
924.738541
933.017477
916.852671
895.778059
873.885730
864.732926
856.801432
855.187057
840.194427
845.209518
842.728294
831.838282
820.621885
811.946375
920.604338
831.343441
826.644206
827.746192
811.061978
818.832035
817.501930
821.460658
817.965186
818.403874
921.980066
897.048501
897.002878
896.883554
896.788798
896.732645
896.722117
896.722117
896.725626
896.820383
755.766126
704.709763
811.602443
755.706465
704.692216
811.535762
755.678388
704.653611
811.539271
925.380782
884.659928
874.363024
947.992560
1023.106619
801.259914
813.809925
846.602794
959.784516
1032.382256
1085.670668
975.264968
934.435320
875.531691
873.380361
890.394469
897.104654
896.887064
896.585246
896.153576
896.072857
896.069348
