1279.725556
1263.332631
1366.940409
1468.130133
1407.391030
1374.875412
1397.238015
1311.219906
1369.751527
1288.095739
1126.444164
1119.105777
1171.436092
1278.181372
1319.551485
1309.595002
1321.337826
1229.693971
1177.918158
1235.179336
1258.338598
1282.933249
1278.441075
1262.381554
1281.480312
1262.932547
1267.066751
1282.919211
1305.790693
1321.878290
1294.346178
1304.734330
1312.353478
1315.252334
1323.183828
1313.125570
1308.689549
1303.962238
1288.825718
1270.681547
1255.815259
1244.718186
1241.731593
1234.803818
1232.943778
1225.629957
1210.654875
1195.665754
1192.507194
1237.520180
1280.080017
1272.060785
1273.306661
1270.418334
1267.947638
1257.682319
1256.843546
1243.861866
1258.552678
1293.482838
