0.000 0.001 0.000 -90.000 0.000 -0.001 0.000
-12.100 -2.785 5.068 -84.841 -17.709 -3.978 -5.033
-4.811 9.147 7.721 -100.703 -39.194 -2.926 16.184
-0.239 23.091 5.819 -109.648 -48.700 -7.477 27.835
-10.960 18.215 6.985 -99.145 -27.160 -10.638 44.324
-16.665 14.511 12.468 -97.408 -22.729 -2.363 69.037
-11.501 15.235 10.803 -103.701 -14.709 1.593 44.811
-7.090 5.821 6.985 -93.371 -24.412 6.578 69.058
0.461 9.896 -2.833 -106.090 -14.802 7.524 48.008
6.704 -0.240 -0.519 -93.544 -4.037 8.363 28.563
13.171 -15.294 -16.433 -57.967 -4.037 -11.275 52.899
5.922 -28.958 -16.433 -59.882 -25.508 -0.292 81.516
5.922 -14.437 -12.818 -74.806 -2.744 5.299 60.986
9.778 4.033 -12.818 -91.327 -26.480 9.862 83.243
26.002 9.057 -26.431 -98.590 -9.831 3.560 22.673
35.986 9.057 -37.494 -99.814 -13.170 7.694 -6.244
-16.288 9.057 -8.784 -80.451 48.891 -23.280 -6.243
-25.538 -6.752 -8.784 -62.253 75.531 -44.212 -60.675
-29.538 -21.914 12.305 -62.253 75.531 -33.404 -71.854
-20.081 -6.158 10.847 -80.451 87.914 -5.178 -83.253
-31.983 -10.462 17.255 -82.597 84.552 -6.698 -86.841
-42.587 -13.774 21.262 -81.711 78.232 -13.099 -92.000
-49.242 -20.002 28.260 -76.781 81.582 -15.794 -93.529
-51.148 -25.898 38.993 -75.411 78.085 -14.422 -100.643
-54.039 -32.668 39.582 -69.447 77.552 -12.334 -103.450
-56.187 -23.189 39.582 -70.881 75.561 -15.532 -105.536
-58.065 -17.910 39.582 -72.514 72.110 -14.744 -108.052
-60.003 -10.842 39.581 -79.632 77.329 -17.839 -112.180
-63.477 -6.175 37.958 -82.928 74.898 -20.987 -115.447
-67.058 -2.953 38.206 -84.631 70.367 -21.962 -118.614
-68.343 -3.758 54.966 -84.631 70.367 -5.162 -115.016
-71.156 -4.960 55.330 -86.068 70.367 -7.125 -111.922
-65.969 2.403 55.330 -89.812 75.795 -5.258 -107.888
-63.911 3.173 56.377 -90.486 83.736 -4.068 -102.954
-57.384 4.103 56.651 -90.485 84.699 5.389 -99.910
-54.882 -1.580 55.910 -90.344 81.118 10.042 -96.435
-48.185 -2.826 54.439 -89.508 78.668 13.931 -92.848
-46.868 -5.221 53.546 -89.507 77.752 16.499 -89.355
-45.162 -8.543 53.546 -87.680 72.933 17.994 -82.462
-41.631 -10.605 50.771 -84.760 72.367 19.260 -77.372
-36.387 -13.701 48.444 -83.658 67.722 19.263 -73.705
-34.028 -15.482 47.258 -82.763 61.140 18.899 -69.664
-31.459 -16.533 46.239 -83.061 57.494 23.045 -64.996
-29.986 -18.364 44.275 -82.358 57.001 24.373 -61.549
-26.227 -19.731 42.332 -82.809 55.437 26.277 -58.955
-23.847 -21.089 41.396 -81.979 52.867 27.826 -54.597
-20.078 -25.814 40.232 -79.755 50.103 30.523 -48.290
-16.603 -29.171 38.277 -77.022 47.799 33.861 -43.511
-9.999 -34.361 28.397 -75.170 43.930 37.297 -35.884
4.002 -37.739 20.940 -79.267 38.625 42.340 -15.248
-41.213 -18.155 43.912 -88.248 62.626 14.667 -78.621
-39.024 -20.161 42.888 -87.450 56.111 13.267 -74.019
-36.737 -21.182 41.961 -88.504 52.365 18.507 -70.269
-35.379 -23.316 39.113 -87.106 52.381 19.194 -66.481
-31.454 -25.562 37.823 -87.244 50.820 21.116 -63.225
-28.426 -26.084 35.923 -86.296 47.579 22.100 -59.485
-25.561 -30.059 35.636 -85.579 45.761 25.286 -53.309
-21.289 -34.721 33.956 -82.307 42.383 28.098 -48.241
-15.527 -39.213 23.305 -80.626 38.622 32.196 -40.449
-1.067 -42.482 15.617 -84.293 33.405 38.412 -20.362
0.000 0.000 0.000 -90.000 0.001 0.001 -80.000
0.000 0.000 0.000 -90.001 0.000 -0.001 -59.999
0.000 0.001 0.000 -90.000 0.000 -0.001 -39.999
0.001 0.000 0.000 -90.000 0.001 0.001 -19.999
0.000 0.000 0.000 -90.001 0.000 -0.001 0.000
0.000 0.000 0.000 -90.001 0.000 0.001 20.001
0.000 0.001 0.000 -90.000 0.000 0.000 39.999
0.000 0.001 0.000 -90.000 0.000 -0.001 59.999
0.000 0.000 0.000 -90.000 0.001 -0.003 79.998
-25.536 -6.754 -8.784 -62.254 75.530 -44.210 -60.677
-29.537 -21.915 12.305 -62.253 75.531 -33.401 -71.855
-20.080 -6.158 10.847 -80.451 87.914 -5.178 -83.254
-25.538 -6.752 -8.784 -62.254 75.531 -44.210 -60.676
-29.539 -21.915 12.303 -62.253 75.530 -33.404 -71.853
-20.080 -6.158 10.848 -80.450 87.914 -5.178 -83.252
-25.538 -6.752 -8.782 -62.254 75.530 -44.210 -60.677
-29.538 -21.915 12.305 -62.254 75.531 -33.401 -71.855
-20.080 -6.158 10.847 -80.450 87.913 -5.178 -83.253
0.000 -29.998 0.000 -90.000 0.000 -0.001 0.000
0.000 -19.998 0.000 -90.000 0.000 0.003 0.000
0.000 -9.998 0.000 -90.001 0.001 0.000 0.000
0.000 10.000 0.000 -90.000 0.000 -0.001 -0.001
0.000 20.001 0.000 -90.000 0.000 0.000 0.000
0.000 0.000 -30.000 -90.001 0.000 0.000 0.000
0.000 0.000 -19.999 -90.000 0.000 -0.001 0.000
0.000 0.000 -10.000 -90.000 0.000 -0.001 0.000
0.000 0.000 9.999 -90.000 0.000 0.001 0.000
0.000 0.000 19.999 -90.000 0.000 -0.001 0.000
0.000 0.000 27.591 -90.000 0.000 -0.001 0.000
0.000 0.000 0.000 -108.000 0.000 0.000 0.000
0.000 0.000 0.000 -100.000 0.000 0.001 0.000
0.000 0.000 0.000 -80.000 0.000 -0.001 0.000
0.000 0.000 0.000 -69.999 0.000 -0.001 0.000
0.000 0.000 0.000 -60.000 0.000 0.000 0.000
0.000 0.000 0.000 -90.001 -44.999 0.001 0.000
0.000 0.000 0.000 -90.000 -29.998 -0.001 0.000
0.000 0.000 0.000 -90.000 -14.999 0.000 0.000
0.000 0.000 0.000 -90.000 15.000 -0.001 0.000
0.000 0.000 0.000 -90.000 30.000 -0.001 0.000
0.000 0.000 0.000 -90.001 45.001 -0.001 0.000
