0.000 0.001 0.000 -90.000 0.000 0.001 0.000
-12.099 -2.785 5.068 -84.842 -17.709 -3.974 -5.034
-4.810 9.147 7.721 -100.703 -39.194 -2.923 16.184
-0.239 23.091 5.819 -109.649 -48.698 -7.474 27.834
-10.960 18.215 6.986 -99.145 -27.161 -10.635 44.322
-16.665 14.510 12.469 -97.408 -22.729 -2.362 69.036
-11.498 15.234 10.802 -103.701 -14.709 1.592 44.810
-7.090 5.821 6.985 -93.371 -24.412 6.578 69.058
0.461 9.896 -2.832 -106.089 -14.803 7.524 48.006
6.706 -0.240 -0.519 -93.544 -4.038 8.365 28.563
13.173 -15.294 -16.431 -57.967 -4.037 -11.275 52.899
5.922 -28.957 -16.433 -59.882 -25.508 -0.292 81.516
5.923 -14.436 -12.820 -74.804 -2.742 5.301 60.985
9.779 4.033 -12.818 -91.327 -26.478 9.864 83.243
26.003 9.057 -26.432 -98.590 -9.831 3.562 22.673
35.986 9.057 -37.492 -99.812 -13.171 7.694 -6.244
-16.287 9.057 -8.784 -80.453 48.891 -23.281 -6.244
-25.536 -6.752 -8.784 -62.253 75.531 -44.209 -60.677
-29.537 -21.915 12.305 -62.253 75.531 -33.400 -71.854
-20.079 -6.158 10.846 -80.450 87.914 -5.178 -83.253
-31.981 -10.462 17.257 -82.597 84.551 -6.698 -86.843
-42.586 -13.774 21.262 -81.711 78.232 -13.101 -91.998
-49.241 -20.001 28.260 -76.781 81.582 -15.793 -93.529
-51.148 -25.898 38.994 -75.412 78.084 -14.420 -100.644
-54.039 -32.666 39.582 -69.447 77.552 -12.331 -103.451
-56.187 -23.189 39.582 -70.882 75.561 -15.529 -105.537
-58.065 -17.910 39.582 -72.514 72.109 -14.741 -108.052
-60.002 -10.842 39.582 -79.632 77.329 -17.837 -112.181
-63.476 -6.175 37.958 -82.928 74.899 -20.987 -115.448
-67.056 -2.951 38.206 -84.630 70.367 -21.960 -118.614
-68.343 -3.758 54.966 -84.630 70.367 -5.159 -115.017
-71.156 -4.961 55.330 -86.067 70.367 -7.125 -111.923
-65.968 2.403 55.330 -89.812 75.795 -5.258 -107.888
-63.910 3.175 56.376 -90.485 83.736 -4.065 -102.954
-57.383 4.104 56.651 -90.486 84.700 5.392 -99.910
-54.883 -1.579 55.911 -90.342 81.118 10.042 -96.435
-48.183 -2.825 54.439 -89.508 78.669 13.931 -92.847
-46.868 -5.220 53.546 -89.508 77.752 16.499 -89.355
-45.162 -8.543 53.546 -87.680 72.933 17.994 -82.463
-41.630 -10.605 50.772 -84.758 72.366 19.263 -77.373
-36.385 -13.701 48.444 -83.657 67.723 19.263 -73.705
-34.027 -15.483 47.258 -82.763 61.140 18.897 -69.663
-31.457 -16.533 46.239 -83.061 57.494 23.045 -64.998
-29.987 -18.364 44.275 -82.357 57.000 24.373 -61.550
-26.226 -19.732 42.332 -82.809 55.436 26.280 -58.955
-23.849 -21.089 41.396 -81.978 52.866 27.824 -54.598
-20.078 -25.812 40.232 -79.755 50.103 30.523 -48.290
-16.603 -29.171 38.277 -77.022 47.799 33.861 -43.511
-9.998 -34.362 28.397 -75.169 43.930 37.297 -35.884
4.002 -37.739 20.940 -79.268 38.624 42.340 -15.248
-41.212 -18.155 43.913 -88.248 62.625 14.669 -78.622
-39.024 -20.161 42.888 -87.451 56.111 13.269 -74.019
-36.736 -21.182 41.962 -88.504 52.365 18.510 -70.269
-35.377 -23.316 39.112 -87.106 52.381 19.194 -66.482
-31.454 -25.562 37.823 -87.245 50.820 21.114 -63.226
-28.424 -26.084 35.923 -86.295 47.580 22.100 -59.485
-25.560 -30.059 35.637 -85.579 45.761 25.288 -53.311
-21.289 -34.720 33.956 -82.307 42.383 28.098 -48.241
-15.526 -39.213 23.305 -80.627 38.623 32.198 -40.449
-1.067 -42.483 15.618 -84.293 33.404 38.414 -20.363
0.000 0.000 0.000 -90.000 0.000 -0.003 -80.000
0.001 0.000 0.000 -90.000 0.000 0.001 -60.000
0.000 0.000 0.000 -90.000 0.000 0.000 -40.000
0.000 0.000 0.000 -90.000 0.000 0.001 -20.001
0.000 0.000 0.000 -90.000 0.000 0.003 -0.001
0.000 0.000 0.000 -90.000 0.000 0.001 19.999
0.000 0.000 0.000 -90.000 0.001 0.000 39.998
0.000 0.000 0.000 -90.000 0.000 0.001 59.999
0.000 0.000 0.000 -90.001 0.000 0.000 79.998
-25.536 -6.754 -8.782 -62.253 75.530 -44.210 -60.676
-29.537 -21.915 12.305 -62.252 75.531 -33.400 -71.856
-20.080 -6.158 10.847 -80.451 87.915 -5.178 -83.253
-25.536 -6.752 -8.784 -62.253 75.530 -44.210 -60.676
-29.537 -21.915 12.303 -62.253 75.531 -33.401 -71.855
-20.079 -6.158 10.847 -80.450 87.914 -5.178 -83.254
-25.536 -6.752 -8.784 -62.253 75.531 -44.209 -60.676
-29.537 -21.915 12.305 -62.252 75.531 -33.403 -71.855
-20.079 -6.158 10.846 -80.451 87.914 -5.178 -83.254
0.000 -29.998 0.000 -90.000 0.000 0.001 0.000
0.001 -19.999 0.000 -90.001 0.000 -0.001 0.000
0.001 -9.998 0.000 -90.001 0.000 -0.001 0.000
0.000 10.000 0.000 -90.000 0.000 0.003 0.000
0.001 20.001 0.000 -90.001 0.001 0.000 0.000
0.000 0.001 -29.999 -90.000 0.001 0.000 0.000
0.000 0.001 -19.999 -90.000 0.001 0.000 -0.001
0.000 0.000 -9.999 -90.000 0.000 0.001 0.000
0.001 0.000 9.999 -90.001 0.000 -0.001 -0.001
0.000 0.000 20.001 -90.001 0.000 0.000 0.000
0.000 0.000 27.565 -90.000 0.001 0.000 0.000
0.000 0.000 0.000 -108.000 0.000 0.000 -0.001
0.000 0.000 0.000 -99.999 0.000 0.000 -0.001
0.000 0.000 0.000 -80.000 0.001 0.001 -0.001
0.000 0.001 0.000 -69.999 0.000 0.000 -0.001
0.001 0.000 0.000 -60.000 0.000 0.000 0.000
0.000 0.001 0.000 -90.000 -44.998 -0.001 0.000
0.000 0.000 0.000 -90.000 -29.998 0.000 0.000
0.000 0.000 0.000 -90.000 -14.999 0.000 -0.001
0.001 0.000 0.000 -90.000 15.000 0.001 -0.001
0.000 0.000 0.000 -89.999 30.000 -0.001 0.000
0.001 0.000 0.000 -90.000 45.000 0.000 0.000
