0.000 0.001 -0.001 -90.000 0.002 0.001 0.000
-12.099 -2.785 5.067 -84.841 -17.708 -3.977 -5.034
-4.812 9.146 7.720 -100.702 -39.194 -2.924 16.186
-0.239 23.090 5.817 -109.648 -48.698 -7.476 27.834
-10.960 18.214 6.986 -99.146 -27.160 -10.637 44.323
-16.666 14.512 12.468 -97.406 -22.729 -2.363 69.037
-11.500 15.234 10.802 -103.701 -14.710 1.594 44.811
-7.090 5.820 6.986 -93.371 -24.412 6.577 69.059
0.461 9.895 -2.834 -106.089 -14.802 7.525 48.008
6.704 -0.241 -0.520 -93.544 -4.038 8.362 28.564
13.173 -15.295 -16.432 -57.967 -4.038 -11.275 52.899
5.922 -28.959 -16.432 -59.882 -25.508 -0.295 81.516
5.922 -14.436 -12.820 -74.805 -2.745 5.298 60.986
9.778 4.031 -12.820 -91.326 -26.478 9.863 83.244
26.002 9.057 -26.432 -98.590 -9.831 3.562 22.673
35.986 9.057 -37.494 -99.813 -13.171 7.692 -6.243
-16.287 9.057 -8.785 -80.452 48.891 -23.282 -6.243
-25.536 -6.753 -8.784 -62.253 75.530 -44.210 -60.676
-29.538 -21.914 12.303 -62.253 75.530 -33.403 -71.854
-20.080 -6.158 10.846 -80.452 87.913 -5.179 -83.254
-31.981 -10.463 17.255 -82.597 84.551 -6.699 -86.841
-42.586 -13.774 21.261 -81.710 78.232 -13.101 -91.997
-49.242 -20.002 28.258 -76.781 81.582 -15.796 -93.528
-51.148 -25.900 38.993 -75.412 78.085 -14.424 -100.643
-54.039 -32.668 39.581 -69.447 77.552 -12.331 -103.450
-56.188 -23.191 39.581 -70.882 75.561 -15.531 -105.536
-58.065 -17.912 39.581 -72.514 72.109 -14.742 -108.052
-60.003 -10.843 39.581 -79.631 77.329 -17.838 -112.180
-63.477 -6.176 37.957 -82.929 74.899 -20.986 -115.447
-67.058 -2.953 38.205 -84.632 70.367 -21.962 -118.614
-68.343 -3.759 54.966 -84.630 70.367 -5.161 -115.016
-71.156 -4.962 55.329 -86.067 70.367 -7.125 -111.923
-65.969 2.402 55.329 -89.810 75.794 -5.260 -107.888
-63.911 3.174 56.376 -90.485 83.736 -4.069 -102.953
-57.384 4.103 56.650 -90.485 84.700 5.390 -99.910
-54.883 -1.581 55.909 -90.343 81.117 10.040 -96.434
-48.185 -2.828 54.437 -89.507 78.670 13.929 -92.847
-46.868 -5.221 53.546 -89.507 77.752 16.495 -89.355
-45.163 -8.543 53.546 -87.681 72.933 17.994 -82.462
-41.631 -10.606 50.772 -84.759 72.366 19.260 -77.371
-36.387 -13.702 48.443 -83.657 67.722 19.260 -73.705
-34.028 -15.484 47.256 -82.763 61.141 18.899 -69.663
-31.459 -16.534 46.239 -83.061 57.494 23.047 -64.998
-29.986 -18.365 44.275 -82.358 56.999 24.372 -61.548
-26.227 -19.731 42.330 -82.808 55.436 26.279 -58.955
-23.849 -21.090 41.396 -81.979 52.867 27.825 -54.597
-20.076 -25.814 40.231 -79.755 50.105 30.522 -48.290
-16.603 -29.173 38.276 -77.022 47.799 33.861 -43.510
-9.999 -34.362 28.396 -75.170 43.931 37.297 -35.883
4.002 -37.741 20.939 -79.268 38.624 42.340 -15.247
-41.213 -18.155 43.912 -88.248 62.624 14.666 -78.621
-39.023 -20.162 42.887 -87.450 56.110 13.267 -74.019
-36.736 -21.182 41.960 -88.504 52.366 18.509 -70.267
-35.377 -23.317 39.111 -87.105 52.380 19.194 -66.481
-31.452 -25.562 37.822 -87.245 50.819 21.117 -63.226
-28.425 -26.086 35.921 -86.295 47.580 22.101 -59.485
-25.561 -30.060 35.636 -85.577 45.761 25.287 -53.310
-21.289 -34.721 33.955 -82.307 42.382 28.099 -48.241
-15.528 -39.213 23.303 -80.627 38.623 32.197 -40.449
-1.068 -42.483 15.616 -84.292 33.404 38.411 -20.362
0.000 -30.000 0.001 -90.001 0.002 -0.002 0.000
0.000 -20.000 0.000 -90.000 0.001 0.001 0.000
0.000 -9.999 -0.001 -89.999 0.001 0.001 0.000
0.000 9.999 0.000 -89.999 0.001 0.001 0.000
0.000 20.000 0.000 -89.999 0.001 0.001 0.000
-0.001 0.001 -30.000 -90.001 0.001 0.001 0.000
0.000 0.001 -20.000 -90.000 0.001 -0.002 0.000
0.000 0.000 -10.000 -89.999 0.001 0.001 0.000
0.000 0.001 9.999 -90.001 0.001 -0.001 0.000
0.000 0.001 19.999 -90.000 0.001 -0.001 0.000
0.000 0.001 24.998 -90.000 0.001 0.001 0.000
0.000 0.000 0.001 -108.000 0.002 0.001 0.000
0.000 0.001 0.000 -99.999 0.001 0.001 0.000
0.000 0.001 0.000 -80.000 0.001 -0.001 0.000
0.000 0.001 0.000 -70.001 0.001 0.001 0.000
0.000 0.001 -0.001 -59.999 0.001 0.001 0.000
0.000 0.001 -0.001 -90.000 -44.998 -0.001 0.000
0.000 0.001 0.000 -90.000 -29.999 -0.001 0.000
0.000 0.001 -0.001 -89.999 -14.998 -0.001 0.000
0.000 0.000 0.000 -89.999 15.000 0.001 0.000
0.000 0.001 -0.001 -89.999 30.000 0.001 0.000
0.000 0.001 -0.001 -90.000 45.000 0.001 0.000
