0.000 0.001 0.000 -90.000 0.001 0.001 0.000
-12.100 -2.785 5.067 -84.841 -17.709 -3.974 -5.032
-4.812 9.145 7.721 -100.703 -39.194 -2.924 16.186
-0.240 23.090 5.817 -109.648 -48.698 -7.476 27.835
-10.962 18.214 6.985 -99.145 -27.160 -10.636 44.325
-16.665 14.510 12.467 -97.407 -22.729 -2.364 69.038
-11.501 15.234 10.802 -103.701 -14.709 1.593 44.812
-7.092 5.820 6.986 -93.370 -24.412 6.577 69.060
0.461 9.896 -2.833 -106.089 -14.802 7.522 48.008
6.704 -0.241 -0.519 -93.544 -4.038 8.362 28.565
13.171 -15.295 -16.433 -57.966 -4.038 -11.273 52.902
5.922 -28.959 -16.433 -59.882 -25.508 -0.293 81.516
5.922 -14.437 -12.820 -74.805 -2.742 5.298 60.986
9.778 4.032 -12.820 -91.328 -26.478 9.863 83.245
26.002 9.057 -26.432 -98.591 -9.831 3.564 22.673
35.984 9.057 -37.494 -99.814 -13.171 7.692 -6.243
-16.288 9.055 -8.785 -80.452 48.890 -23.284 -6.243
-25.538 -6.752 -8.784 -62.253 75.530 -44.210 -60.676
-29.539 -21.915 12.304 -62.253 75.530 -33.403 -71.853
-20.082 -6.157 10.846 -80.452 87.915 -5.179 -83.252
-31.984 -10.463 17.255 -82.597 84.551 -6.699 -86.841
-42.589 -13.773 21.261 -81.712 78.232 -13.103 -91.997
-49.243 -20.002 28.259 -76.780 81.582 -15.791 -93.527
-51.150 -25.899 38.993 -75.412 78.085 -14.421 -100.643
-54.039 -32.668 39.580 -69.447 77.552 -12.332 -103.450
-56.188 -23.191 39.581 -70.882 75.561 -15.531 -105.535
-58.066 -17.912 39.582 -72.514 72.109 -14.740 -108.051
-60.005 -10.843 39.581 -79.631 77.329 -17.840 -112.179
-63.477 -6.176 37.956 -82.929 74.897 -20.988 -115.447
-67.058 -2.952 38.204 -84.630 70.367 -21.962 -118.613
-68.344 -3.759 54.966 -84.630 70.367 -5.161 -115.016
-71.156 -4.960 55.329 -86.067 70.367 -7.125 -111.921
-65.970 2.402 55.329 -89.813 75.795 -5.261 -107.887
-63.913 3.174 56.376 -90.485 83.737 -4.068 -102.953
-57.384 4.103 56.650 -90.485 84.701 5.390 -99.908
-54.884 -1.581 55.909 -90.343 81.118 10.043 -96.434
-48.186 -2.826 54.439 -89.507 78.668 13.929 -92.845
-46.868 -5.221 53.545 -89.507 77.752 16.497 -89.352
-45.163 -8.543 53.546 -87.681 72.933 17.993 -82.461
-41.633 -10.606 50.771 -84.760 72.366 19.263 -77.371
-36.387 -13.702 48.444 -83.657 67.723 19.260 -73.703
-34.029 -15.484 47.256 -82.763 61.141 18.899 -69.662
-31.459 -16.534 46.238 -83.061 57.494 23.045 -64.996
-29.987 -18.365 44.274 -82.358 57.000 24.372 -61.548
-26.228 -19.733 42.332 -82.809 55.436 26.279 -58.953
-23.849 -21.090 41.395 -81.979 52.866 27.822 -54.597
-20.078 -25.814 40.231 -79.754 50.103 30.522 -48.289
-16.604 -29.173 38.276 -77.022 47.799 33.861 -43.509
-10.000 -34.361 28.396 -75.170 43.931 37.296 -35.882
4.002 -37.739 20.939 -79.268 38.625 42.340 -15.246
-41.214 -18.156 43.912 -88.249 62.624 14.665 -78.621
-39.025 -20.163 42.887 -87.450 56.111 13.269 -74.018
-36.736 -21.182 41.961 -88.504 52.364 18.508 -70.269
-35.379 -23.317 39.113 -87.106 52.382 19.196 -66.481
-31.454 -25.562 37.822 -87.244 50.819 21.114 -63.224
-28.427 -26.086 35.921 -86.296 47.580 22.098 -59.485
-25.562 -30.060 35.636 -85.579 45.760 25.287 -53.309
-21.290 -34.721 33.955 -82.307 42.382 28.100 -48.240
-15.528 -39.213 23.304 -80.626 38.622 32.197 -40.449
-1.068 -42.483 15.616 -84.293 33.404 38.414 -20.360
0.000 -30.000 -0.001 -90.001 0.001 -0.001 0.000
0.000 -19.999 0.000 -90.000 0.002 -0.002 0.001
0.000 -9.999 -0.001 -90.000 0.002 0.001 0.000
-0.001 9.999 0.000 -90.000 0.001 -0.002 0.000
0.000 19.999 0.000 -89.999 0.001 0.001 0.000
-0.001 0.001 -30.000 -90.000 0.002 -0.001 0.001
0.000 0.001 -20.000 -90.000 0.001 0.001 0.000
0.000 0.001 -10.000 -89.999 0.001 -0.001 0.000
0.000 0.001 9.999 -90.000 0.002 0.001 0.000
-0.001 0.001 19.999 -90.001 0.001 0.001 0.000
0.000 0.001 24.998 -90.001 0.001 -0.001 0.001
0.000 0.001 0.000 -108.000 0.001 -0.001 0.000
0.000 0.001 0.000 -100.000 0.001 0.001 0.000
0.000 0.001 0.001 -80.001 0.001 0.001 0.000
-0.001 0.001 0.000 -70.001 0.001 0.001 0.000
-0.001 0.001 0.000 -59.999 0.001 0.001 0.000
0.000 0.001 0.001 -90.001 -44.999 -0.001 0.000
0.000 0.001 0.000 -89.999 -29.999 0.001 0.000
0.000 0.001 0.001 -90.000 -14.998 -0.004 0.000
0.000 0.001 0.000 -90.001 15.000 0.001 0.000
0.000 0.000 0.000 -89.999 30.000 -0.001 0.000
-0.001 0.000 0.000 -90.000 44.999 -0.002 0.001
