0.000 0.001 -0.001 -89.999 0.001 0.001 -0.001
-12.101 -2.785 5.067 -84.841 -17.708 -3.977 -5.033
-4.812 9.146 7.720 -100.701 -39.194 -2.925 16.184
-0.240 23.091 5.817 -109.648 -48.697 -7.475 27.834
-10.960 18.213 6.985 -99.145 -27.160 -10.638 44.323
-16.665 14.511 12.467 -97.406 -22.729 -2.363 69.036
-11.501 15.233 10.802 -103.701 -14.709 1.593 44.810
-7.092 5.820 6.985 -93.371 -24.412 6.577 69.057
0.460 9.896 -2.834 -106.088 -14.802 7.522 48.006
6.704 -0.242 -0.520 -93.544 -4.037 8.363 28.563
13.171 -15.296 -16.433 -57.965 -4.037 -11.276 52.899
5.922 -28.959 -16.432 -59.882 -25.508 -0.293 81.516
5.922 -14.437 -12.819 -74.804 -2.744 5.298 60.985
9.776 4.032 -12.819 -91.325 -26.478 9.864 83.243
26.002 9.056 -26.431 -98.591 -9.831 3.562 22.672
35.986 9.056 -37.494 -99.813 -13.171 7.692 -6.244
-16.287 9.056 -8.784 -80.451 48.891 -23.281 -6.244
-25.538 -6.754 -8.783 -62.253 75.531 -44.210 -60.677
-29.538 -21.915 12.304 -62.252 75.531 -33.403 -71.855
-20.082 -6.158 10.846 -80.451 87.914 -5.177 -83.254
-31.983 -10.463 17.256 -82.596 84.551 -6.698 -86.843
-42.587 -13.774 21.261 -81.712 78.231 -13.100 -91.998
-49.243 -20.001 28.259 -76.781 81.582 -15.793 -93.528
-51.150 -25.899 38.993 -75.412 78.084 -14.421 -100.644
-54.040 -32.668 39.580 -69.445 77.552 -12.332 -103.451
-56.188 -23.190 39.582 -70.882 75.561 -15.531 -105.537
-58.065 -17.911 39.581 -72.514 72.109 -14.740 -108.052
-60.005 -10.844 39.580 -79.631 77.328 -17.838 -112.181
-63.478 -6.177 37.958 -82.929 74.898 -20.987 -115.448
-67.058 -2.953 38.205 -84.630 70.367 -21.961 -118.614
-68.343 -3.759 54.967 -84.630 70.367 -5.161 -115.016
-71.156 -4.961 55.329 -86.066 70.366 -7.126 -111.922
-65.970 2.402 55.329 -89.811 75.795 -5.258 -107.888
-63.911 3.174 56.376 -90.484 83.736 -4.066 -102.953
-57.384 4.103 56.650 -90.484 84.700 5.389 -99.910
-54.884 -1.581 55.909 -90.342 81.118 10.040 -96.435
-48.186 -2.826 54.437 -89.507 78.670 13.932 -92.848
-46.868 -5.221 53.545 -89.506 77.752 16.498 -89.355
-45.163 -8.543 53.545 -87.678 72.933 17.994 -82.463
-41.631 -10.606 50.771 -84.759 72.367 19.260 -77.372
-36.387 -13.703 48.444 -83.657 67.722 19.262 -73.705
-34.030 -15.485 47.257 -82.762 61.140 18.899 -69.663
-31.459 -16.533 46.238 -83.061 57.494 23.046 -64.998
-29.987 -18.365 44.274 -82.357 57.001 24.375 -61.551
-26.228 -19.732 42.331 -82.808 55.436 26.278 -58.955
-23.849 -21.090 41.396 -81.978 52.867 27.825 -54.598
-20.078 -25.815 40.230 -79.754 50.104 30.521 -48.290
-16.604 -29.172 38.276 -77.021 47.799 33.862 -43.511
-10.000 -34.362 28.396 -75.170 43.932 37.297 -35.884
4.002 -37.741 20.939 -79.267 38.625 42.340 -15.249
-41.214 -18.156 43.912 -88.247 62.625 14.665 -78.622
-39.025 -20.163 42.887 -87.450 56.110 13.268 -74.020
-36.737 -21.182 41.960 -88.504 52.365 18.509 -70.269
-35.379 -23.316 39.112 -87.106 52.380 19.196 -66.482
-31.454 -25.561 37.822 -87.244 50.820 21.114 -63.226
-28.427 -26.086 35.922 -86.294 47.580 22.101 -59.485
-25.562 -30.061 35.636 -85.579 45.761 25.289 -53.310
-21.290 -34.721 33.954 -82.308 42.383 28.100 -48.241
-15.528 -39.213 23.304 -80.627 38.622 32.200 -40.449
-1.068 -42.484 15.616 -84.291 33.404 38.413 -20.362
-0.001 -29.999 0.001 -90.001 0.001 -0.001 0.000
0.000 -19.999 0.001 -89.999 0.001 0.001 0.000
-0.001 -9.999 -0.001 -89.999 0.001 -0.001 0.000
0.000 9.999 0.001 -89.999 0.002 0.001 0.000
0.000 19.999 -0.001 -89.999 0.001 0.001 0.000
0.000 0.000 -30.000 -89.999 0.002 0.001 -0.001
0.000 0.000 -20.000 -89.999 0.001 0.001 0.000
-0.001 0.001 -10.001 -89.999 0.000 0.001 0.000
-0.001 0.000 10.000 -90.001 0.000 -0.001 0.000
0.000 0.000 19.999 -89.999 0.001 0.001 0.000
0.000 0.000 24.999 -89.999 0.002 0.001 -0.001
0.000 0.000 0.001 -107.999 0.001 0.001 -0.001
0.000 0.001 0.001 -99.999 0.001 0.001 0.000
0.000 0.001 -0.001 -79.999 0.001 0.001 0.000
-0.001 0.000 -0.001 -70.000 0.001 0.001 0.000
-0.001 0.000 0.001 -59.998 0.000 0.001 0.000
0.000 0.001 0.001 -89.999 -44.999 -0.001 0.000
0.000 0.000 -0.001 -89.999 -29.999 0.001 0.000
0.000 0.000 -0.001 -89.999 -14.998 0.001 0.000
0.000 0.000 -0.001 -89.999 15.000 0.001 0.000
0.000 0.000 0.001 -89.999 30.001 -0.001 -0.001
0.000 0.000 0.001 -89.999 45.000 0.001 0.000
