0.000 0.000 0.000 -90.000 0.000 -0.001 0.000
-12.099 -2.786 5.068 -84.839 -17.710 -3.972 -5.032
-4.811 9.145 7.721 -100.702 -39.194 -2.922 16.186
-0.239 23.089 5.818 -109.647 -48.698 -7.476 27.834
-10.962 18.213 6.987 -99.143 -27.161 -10.635 44.324
-16.666 14.510 12.467 -97.406 -22.729 -2.360 69.038
-11.501 15.233 10.803 -103.700 -14.709 1.594 44.812
-7.090 5.820 6.986 -93.370 -24.412 6.581 69.058
0.461 9.895 -2.833 -106.089 -14.802 7.526 48.008
6.705 -0.242 -0.519 -93.543 -4.037 8.365 28.563
13.173 -15.296 -16.433 -57.965 -4.037 -11.273 52.900
5.922 -28.959 -16.433 -59.881 -25.508 -0.292 81.516
5.922 -14.437 -12.818 -74.804 -2.744 5.299 60.985
9.778 4.032 -12.820 -91.325 -26.478 9.863 83.244
26.002 9.055 -26.430 -98.590 -9.833 3.563 22.674
35.986 9.055 -37.494 -99.814 -13.171 7.694 -6.244
-16.287 9.055 -8.784 -80.451 48.891 -23.280 -6.243
-25.538 -6.754 -8.782 -62.251 75.530 -44.209 -60.676
-29.538 -21.916 12.305 -62.252 75.531 -33.400 -71.854
-20.080 -6.158 10.846 -80.451 87.914 -5.177 -83.253
-31.981 -10.464 17.257 -82.596 84.552 -6.699 -86.842
-42.587 -13.775 21.262 -81.711 78.232 -13.098 -91.998
-49.242 -20.003 28.260 -76.779 81.582 -15.793 -93.528
-51.148 -25.900 38.994 -75.413 78.085 -14.422 -100.643
-54.039 -32.669 39.581 -69.447 77.551 -12.329 -103.450
-56.188 -23.191 39.581 -70.882 75.560 -15.532 -105.536
-58.064 -17.911 39.582 -72.513 72.109 -14.741 -108.053
-60.003 -10.844 39.582 -79.630 77.328 -17.837 -112.180
-63.476 -6.177 37.958 -82.928 74.899 -20.985 -115.447
-67.058 -2.953 38.205 -84.630 70.366 -21.958 -118.614
-68.343 -3.760 54.966 -84.630 70.366 -5.162 -115.016
-71.156 -4.962 55.329 -86.067 70.367 -7.125 -111.923
-65.969 2.401 55.330 -89.812 75.795 -5.258 -107.888
-63.911 3.172 56.377 -90.485 83.736 -4.066 -102.953
-57.384 4.102 56.651 -90.483 84.700 5.392 -99.908
-54.884 -1.582 55.911 -90.341 81.118 10.042 -96.435
-48.184 -2.827 54.440 -89.508 78.668 13.931 -92.846
-46.868 -5.222 53.546 -89.506 77.752 16.497 -89.353
-45.162 -8.545 53.546 -87.679 72.933 17.994 -82.462
-41.631 -10.607 50.772 -84.758 72.366 19.263 -77.371
-36.387 -13.703 48.444 -83.658 67.722 19.262 -73.705
-34.029 -15.485 47.258 -82.763 61.142 18.897 -69.663
-31.458 -16.534 46.239 -83.060 57.494 23.047 -64.996
-29.987 -18.366 44.276 -82.356 57.000 24.376 -61.549
-26.227 -19.733 42.332 -82.809 55.436 26.279 -58.955
-23.847 -21.090 41.396 -81.978 52.867 27.828 -54.597
-20.078 -25.815 40.232 -79.753 50.105 30.523 -48.290
-16.604 -29.173 38.278 -77.022 47.799 33.863 -43.511
-9.999 -34.362 28.397 -75.169 43.932 37.297 -35.883
4.002 -37.741 20.941 -79.266 38.625 42.341 -15.247
-41.213 -18.156 43.913 -88.248 62.626 14.669 -78.621
-39.025 -20.163 42.888 -87.449 56.110 13.269 -74.019
-36.736 -21.182 41.961 -88.503 52.364 18.510 -70.267
-35.379 -23.318 39.113 -87.106 52.381 19.196 -66.481
-31.454 -25.562 37.824 -87.244 50.820 21.116 -63.225
-28.425 -26.087 35.921 -86.293 47.580 22.102 -59.485
-25.561 -30.061 35.637 -85.578 45.761 25.288 -53.309
-21.289 -34.721 33.956 -82.307 42.383 28.098 -48.241
-15.527 -39.214 23.305 -80.626 38.622 32.201 -40.449
-1.067 -42.484 15.617 -84.291 33.405 38.414 -20.362
