0.001 0.000 0.000 -90.000 0.000 0.001 0.000
-12.100 -2.786 5.068 -84.840 -17.709 -3.974 -5.033
-4.811 9.146 7.721 -100.702 -39.194 -2.923 16.186
-0.239 23.089 5.818 -109.647 -48.698 -7.474 27.834
-10.960 18.213 6.987 -99.146 -27.161 -10.635 44.324
-16.665 14.510 12.467 -97.408 -22.729 -2.362 69.037
-11.500 15.233 10.804 -103.701 -14.709 1.596 44.811
-7.090 5.819 6.986 -93.370 -24.412 6.579 69.058
0.461 9.895 -2.833 -106.088 -14.801 7.526 48.008
6.704 -0.242 -0.519 -93.543 -4.037 8.365 28.564
13.173 -15.296 -16.433 -57.965 -4.037 -11.273 52.900
5.922 -28.959 -16.433 -59.881 -25.508 -0.292 81.516
5.922 -14.437 -12.818 -74.804 -2.744 5.301 60.986
9.778 4.032 -12.818 -91.327 -26.480 9.864 83.244
26.003 9.055 -26.431 -98.589 -9.831 3.563 22.673
35.984 9.056 -37.494 -99.812 -13.171 7.694 -6.244
-16.287 9.056 -8.784 -80.451 48.891 -23.280 -6.243
-25.538 -6.755 -8.782 -62.251 75.531 -44.210 -60.675
-29.538 -21.916 12.305 -62.253 75.531 -33.401 -71.854
-20.080 -6.159 10.847 -80.450 87.914 -5.177 -83.254
-31.982 -10.464 17.257 -82.596 84.551 -6.698 -86.842
-42.587 -13.775 21.262 -81.709 78.232 -13.099 -91.998
-49.242 -20.003 28.260 -76.779 81.582 -15.791 -93.528
-51.148 -25.900 38.994 -75.411 78.084 -14.420 -100.643
-54.040 -32.669 39.582 -69.446 77.552 -12.329 -103.451
-56.187 -23.192 39.582 -70.881 75.561 -15.530 -105.536
-58.064 -17.912 39.582 -72.513 72.110 -14.739 -108.052
-60.003 -10.844 39.582 -79.630 77.329 -17.836 -112.180
-63.477 -6.177 37.958 -82.928 74.899 -20.985 -115.448
-67.058 -2.953 38.205 -84.630 70.366 -21.962 -118.614
-68.343 -3.759 54.966 -84.630 70.367 -5.159 -115.016
-71.156 -4.961 55.330 -86.066 70.367 -7.125 -111.922
-65.970 2.401 55.329 -89.811 75.795 -5.260 -107.887
-63.911 3.172 56.376 -90.484 83.736 -4.066 -102.953
-57.383 4.102 56.651 -90.483 84.700 5.392 -99.910
-54.883 -1.582 55.910 -90.342 81.118 10.042 -96.433
-48.185 -2.828 54.438 -89.507 78.669 13.931 -92.847
-46.868 -5.222 53.546 -89.506 77.753 16.499 -89.355
-45.162 -8.545 53.545 -87.680 72.933 17.996 -82.461
-41.631 -10.607 50.772 -84.760 72.366 19.263 -77.371
-36.385 -13.703 48.444 -83.657 67.722 19.263 -73.705
-34.028 -15.485 47.258 -82.763 61.142 18.896 -69.664
-31.459 -16.534 46.239 -83.060 57.494 23.047 -64.998
-29.985 -18.366 44.275 -82.358 57.000 24.373 -61.549
-26.228 -19.733 42.333 -82.809 55.436 26.282 -58.954
-23.849 -21.091 41.396 -81.978 52.866 27.826 -54.597
-20.078 -25.815 40.232 -79.753 50.104 30.523 -48.290
-16.603 -29.173 38.277 -77.021 47.799 33.863 -43.511
-9.999 -34.362 28.397 -75.169 43.932 37.300 -35.883
4.002 -37.741 20.940 -79.267 38.624 42.341 -15.246
-41.213 -18.156 43.913 -88.248 62.626 14.669 -78.621
-39.023 -20.163 42.888 -87.449 56.110 13.269 -74.019
-36.736 -21.182 41.961 -88.503 52.365 18.510 -70.267
-35.377 -23.318 39.113 -87.106 52.381 19.196 -66.481
-31.454 -25.563 37.823 -87.244 50.819 21.116 -63.226
-28.426 -26.087 35.923 -86.295 47.579 22.102 -59.485
-25.561 -30.061 35.637 -85.578 45.761 25.288 -53.309
-21.289 -34.721 33.956 -82.307 42.383 28.098 -48.241
-15.528 -39.214 23.303 -80.626 38.622 32.201 -40.449
-1.066 -42.484 15.617 -84.293 33.404 38.412 -20.363
