849.301607
796.595775
941.952692
1038.257177
962.743034
941.692988
969.319857
889.941742
921.193936
885.818067
729.423738
676.626658
726.089703
841.019162
867.786201
850.438689
824.299853
705.516951
659.833649
764.059100
741.419246
724.857865
696.227276
694.591844
663.644978
676.419597
695.546431
742.787955
767.133432
783.385976
806.682109
801.312557
864.704850
883.470204
910.640837
876.903910
885.060013
869.330385
848.466344
826.584544
817.979224
810.479399
809.096652
794.640977
800.340423
798.097845
788.558995
778.318242
773.194357
884.175616
787.920264
783.793079
785.333754
769.765565
778.518285
777.286446
782.856040
781.164456
785.611006
890.713834
849.196322
849.213870
849.238436
849.245455
849.248965
849.248965
849.248965
849.241946
849.206851
705.552046
659.840668
764.087176
705.566084
659.823121
764.076648
705.576613
659.809083
764.055591
892.486137
846.746684
831.571559
897.792518
971.169369
755.032638
766.936899
799.427950
912.276269
984.645890
1036.421703
931.160946
888.629185
825.236892
820.976346
836.369060
848.771671
848.687443
848.473363
848.161016
848.038183
847.967993
