0.000 0.000 0.000 -90.000 0.001 0.000 0.001
-12.101 -2.786 5.067 -84.841 -17.709 -3.974 -5.032
-4.811 9.146 7.721 -100.703 -39.194 -2.921 16.186
-0.240 23.089 5.819 -109.649 -48.700 -7.475 27.835
-10.961 18.213 6.985 -99.146 -27.161 -10.638 44.324
-16.666 14.510 12.468 -97.408 -22.729 -2.362 69.039
-11.501 15.233 10.803 -103.700 -14.711 1.594 44.812
-7.091 5.819 6.985 -93.371 -24.413 6.578 69.059
0.461 9.895 -2.834 -106.089 -14.802 7.524 48.008
6.705 -0.242 -0.519 -93.544 -4.038 8.363 28.564
13.172 -15.296 -16.433 -57.967 -4.038 -11.275 52.902
5.922 -28.959 -16.433 -59.882 -25.508 -0.292 81.519
5.922 -14.437 -12.819 -74.805 -2.744 5.299 60.986
9.778 4.032 -12.820 -91.327 -26.478 9.863 83.246
26.002 9.055 -26.432 -98.590 -9.831 3.561 22.674
35.985 9.055 -37.494 -99.814 -13.171 7.695 -6.243
-16.288 9.055 -8.784 -80.452 48.892 -23.281 -6.243
-25.538 -6.754 -8.784 -62.254 75.531 -44.210 -60.675
-29.539 -21.915 12.305 -62.253 75.531 -33.401 -71.854
-20.081 -6.159 10.846 -80.450 87.914 -5.177 -83.253
-31.983 -10.464 17.255 -82.596 84.551 -6.699 -86.842
-42.588 -13.775 21.263 -81.712 78.232 -13.100 -91.997
-49.243 -20.002 28.258 -76.781 81.582 -15.791 -93.527
-51.149 -25.899 38.994 -75.413 78.083 -14.420 -100.643
-54.040 -32.669 39.581 -69.447 77.552 -12.332 -103.449
-56.188 -23.190 39.582 -70.882 75.561 -15.529 -105.535
-58.065 -17.911 39.582 -72.514 72.109 -14.741 -108.052
-60.004 -10.844 39.582 -79.632 77.329 -17.837 -112.179
-63.478 -6.177 37.958 -82.928 74.898 -20.987 -115.447
-67.058 -2.953 38.205 -84.631 70.367 -21.962 -118.613
-68.344 -3.760 54.965 -84.631 70.367 -5.161 -115.014
-71.156 -4.962 55.329 -86.068 70.366 -7.125 -111.921
-65.969 2.401 55.330 -89.812 75.795 -5.260 -107.887
-63.912 3.172 56.377 -90.485 83.735 -4.068 -102.953
-57.384 4.102 56.651 -90.486 84.700 5.390 -99.908
-54.884 -1.582 55.910 -90.343 81.118 10.042 -96.434
-48.185 -2.827 54.439 -89.508 78.670 13.931 -92.845
-46.868 -5.223 53.545 -89.508 77.752 16.499 -89.352
-45.163 -8.545 53.546 -87.680 72.933 17.993 -82.462
-41.631 -10.607 50.771 -84.760 72.366 19.262 -77.371
-36.387 -13.703 48.444 -83.658 67.722 19.265 -73.705
-34.029 -15.485 47.256 -82.763 61.142 18.897 -69.662
-31.459 -16.534 46.239 -83.061 57.493 23.047 -64.998
-29.986 -18.366 44.275 -82.358 57.000 24.373 -61.548
-26.228 -19.733 42.332 -82.810 55.436 26.280 -58.954
-23.849 -21.091 41.396 -81.979 52.867 27.826 -54.597
-20.078 -25.815 40.232 -79.755 50.105 30.523 -48.289
-16.604 -29.173 38.276 -77.022 47.799 33.863 -43.510
-10.000 -34.363 28.397 -75.170 43.932 37.299 -35.882
4.002 -37.741 20.940 -79.268 38.625 42.340 -15.246
-41.214 -18.156 43.913 -88.249 62.626 14.667 -78.621
-39.025 -20.163 42.888 -87.450 56.111 13.269 -74.018
-36.737 -21.182 41.960 -88.506 52.365 18.510 -70.266
-35.379 -23.318 39.113 -87.106 52.381 19.196 -66.481
-31.454 -25.562 37.823 -87.245 50.820 21.114 -63.224
-28.426 -26.086 35.923 -86.295 47.580 22.102 -59.483
-25.562 -30.061 35.637 -85.579 45.761 25.288 -53.308
-21.289 -34.722 33.956 -82.307 42.383 28.099 -48.239
-15.528 -39.213 23.303 -80.627 38.622 32.200 -40.448
-1.068 -42.484 15.617 -84.293 33.404 38.414 -20.362
