0.001 -89.999 0.001 -89.999 -0.003 -0.001
-15.848 -123.512 -42.626 -35.951 11.610 -27.289
-23.634 -133.429 -97.032 3.663 18.713 4.741
-28.899 -153.206 -79.152 -10.783 11.782 22.078
-15.292 -150.626 -39.668 -126.104 1.370 22.080
-6.762 -139.178 8.779 -140.350 15.364 44.391
3.715 -142.977 69.505 -109.223 19.548 88.769
28.773 -124.315 40.529 -92.484 -13.951 112.967
66.227 -91.967 -29.813 -93.040 -45.530 133.771
110.240 -96.061 -49.709 -104.663 -60.055 170.826
131.653 -78.988 -76.122 -119.373 -83.265 197.096
140.280 -69.728 -94.343 -120.894 -112.488 158.571
144.752 -97.480 -104.165 -126.088 -141.792 134.493
150.067 -98.880 -63.851 -104.846 -158.483 93.395
159.182 -118.336 -84.288 -140.210 -163.393 62.932
164.691 -145.530 -95.648 -150.660 -165.885 39.510
168.828 -135.354 -68.654 -104.682 -159.988 25.714
171.300 -128.584 -29.656 -141.752 -162.052 15.082
175.211 -121.970 -15.103 -120.041 -169.328 1.555
178.763 -129.461 14.812 -97.803 -176.114 -8.972
179.951 -144.522 37.586 -84.100 -187.896 -23.443
169.060 -155.980 51.045 -74.785 -196.284 -36.036
172.062 -181.945 81.790 -98.808 -190.892 -52.719
169.060 -147.907 50.624 -120.009 -180.311 -71.711
157.427 -135.042 -7.885 -96.755 -175.225 -87.551
148.821 -117.521 -29.279 -130.156 -187.420 -108.957
139.135 -138.588 -47.233 -140.110 -195.163 -122.524
132.832 -161.294 -57.418 -113.895 -188.402 -134.913
127.000 -138.035 -94.467 -124.234 -196.429 -149.886
113.553 -116.685 -115.720 -137.027 -211.919 -166.849
108.596 -98.788 -134.754 -124.796 -220.705 -178.316
98.295 -90.994 -75.870 -143.860 -245.814 -188.442
82.806 -105.758 -44.464 -188.741 -266.493 -195.279
63.210 -115.718 -22.492 -201.725 -285.443 -209.994
59.733 -98.952 -27.958 -171.188 -327.588 -224.144
52.982 -91.533 -43.216 -160.847 -343.891 -202.010
26.158 -86.361 -47.203 -124.973 -353.675 -186.235
2.304 -75.572 -66.299 -76.626 -323.038 -174.560
-1.390 -66.909 -67.989 -90.632 -297.234 -152.240
-5.705 -93.693 -51.958 -115.509 -293.710 -139.029
43.647 -101.921 -50.275 -148.092 -256.207 -123.361
71.767 -92.963 -42.274 -196.846 -237.195 -101.709
99.416 -108.850 -16.955 -191.807 -212.395 -92.859
109.657 -123.011 5.438 -154.473 -198.858 -77.800
93.622 -130.535 22.619 -148.393 -156.334 -65.882
78.101 -141.256 53.822 -131.363 -127.828 -46.559
67.252 -158.106 77.892 -116.027 -103.395 -32.710
60.818 -140.999 89.724 -126.729 -76.607 -23.996
49.173 -119.485 60.340 -135.424 -60.259 -5.628
43.856 -103.852 26.785 -123.885 -44.839 10.737
11.259 -91.463 -4.063 -119.006 -28.094 24.438
-12.437 -83.197 -27.487 -130.500 -4.463 34.901
-8.330 -76.769 -45.970 -85.869 7.401 53.629
-0.439 -105.244 -62.247 -113.885 18.521 70.228
5.305 -105.244 4.803 -84.492 3.840 85.431
15.504 -95.442 -22.215 -62.310 -8.407 94.872
25.683 -85.706 -42.442 -43.895 -16.153 109.181
37.911 -106.868 -37.297 -16.760 -30.106 96.380
20.166 -115.126 14.203 -3.929 0.512 80.603
6.268 -93.527 14.205 -79.839 0.511 80.600
