0.001 -90.002 -0.001 -89.998 -0.001 -0.002
-15.849 -123.512 -42.623 -35.951 11.610 -27.291
-23.633 -133.429 -97.031 3.663 18.712 4.741
-28.902 -153.205 -79.150 -10.783 11.781 22.080
-15.292 -150.627 -39.669 -126.105 1.368 22.078
-6.761 -139.177 8.779 -140.350 15.363 44.391
3.717 -142.976 69.505 -109.224 19.549 88.768
28.773 -124.315 40.529 -92.484 -13.950 112.966
66.225 -91.967 -29.813 -93.040 -45.530 133.770
110.240 -96.061 -49.709 -104.663 -60.053 170.826
131.654 -78.991 -76.124 -119.373 -83.264 197.096
140.281 -69.727 -94.342 -120.893 -112.487 158.571
144.752 -97.480 -104.165 -126.088 -141.792 134.494
150.066 -98.878 -63.850 -104.847 -158.482 93.396
159.181 -118.335 -84.288 -140.209 -163.391 62.932
164.689 -145.529 -95.650 -150.661 -165.885 39.511
168.828 -135.356 -68.654 -104.681 -159.988 25.714
171.297 -128.586 -29.657 -141.752 -162.052 15.081
175.209 -121.970 -15.103 -120.041 -169.329 1.557
178.763 -129.460 14.813 -97.803 -176.114 -8.972
179.951 -144.523 37.588 -84.098 -187.895 -23.442
169.060 -155.982 51.046 -74.786 -196.284 -36.034
172.060 -181.945 81.793 -98.809 -190.890 -52.719
169.059 -147.908 50.622 -120.011 -180.310 -71.711
157.429 -135.040 -7.886 -96.755 -175.224 -87.550
148.821 -117.522 -29.276 -130.156 -187.420 -108.957
139.139 -138.590 -47.234 -140.111 -195.163 -122.524
132.836 -161.291 -57.418 -113.896 -188.402 -134.912
127.001 -138.035 -94.471 -124.233 -196.429 -149.887
113.553 -116.686 -115.719 -137.027 -211.921 -166.850
108.595 -98.790 -134.753 -124.797 -220.705 -178.316
98.296 -90.996 -75.870 -143.860 -245.814 -188.443
82.805 -105.758 -44.463 -188.742 -266.493 -195.276
63.211 -115.717 -22.493 -201.725 -285.442 -209.994
59.734 -98.953 -27.959 -171.188 -327.588 -224.145
52.981 -91.535 -43.214 -160.847 -343.891 -202.010
26.161 -86.361 -47.203 -124.972 -353.672 -186.235
2.302 -75.572 -66.299 -76.626 -323.039 -174.559
-1.390 -66.908 -67.988 -90.632 -297.234 -152.239
-5.703 -93.696 -51.958 -115.509 -293.711 -139.029
43.647 -101.922 -50.274 -148.092 -256.207 -123.362
71.768 -92.965 -42.272 -196.846 -237.193 -101.709
99.415 -108.849 -16.953 -191.808 -212.396 -92.859
109.656 -123.010 5.440 -154.471 -198.857 -77.800
93.620 -130.535 22.617 -148.393 -156.333 -65.882
78.100 -141.257 53.821 -131.364 -127.829 -46.560
67.252 -158.106 77.892 -116.028 -103.396 -32.710
60.820 -140.999 89.724 -126.729 -76.607 -23.996
49.173 -119.485 60.340 -135.425 -60.259 -5.628
43.857 -103.851 26.783 -123.885 -44.840 10.738
11.261 -91.460 -4.062 -119.007 -28.093 24.438
-12.438 -83.197 -27.489 -130.500 -4.463 34.899
-8.331 -76.769 -45.970 -85.869 7.399 53.630
-0.439 -105.242 -62.250 -113.884 18.522 70.229
5.305 -105.242 4.802 -84.491 3.841 85.432
15.502 -95.441 -22.216 -62.310 -8.407 94.870
25.684 -85.705 -42.439 -43.895 -16.153 109.183
37.910 -106.870 -37.297 -16.760 -30.107 96.382
20.167 -115.126 14.204 -3.930 0.512 80.603
6.267 -93.529 14.203 -79.838 0.510 80.601
