1321.639643
1471.948480
1578.377904
1741.310451
1625.777357
1414.245104
1272.590721
1240.973538
1224.257738
1372.092370
1577.697059
1588.829227
1545.367446
1483.512318
1595.335860
1690.183898
1726.777567
1700.698393
1711.300625
1712.778129
1702.828666
1622.839896
1652.404015
1629.732575
1544.447954
1453.874500
1367.368569
1397.764442
1380.750333
1346.641398
1375.085983
1166.856180
1038.443181
973.608479
1138.713413
1142.166772
1178.581456
1318.856601
1397.171334
1440.131256
1145.377974
1182.122552
1183.582509
1202.751456
1128.009405
1122.643364
1078.567418
1277.581245
1306.818979
1315.406752
1285.256545
1330.820524
1313.852039
1313.381765
1292.570366
1264.483751
1266.989542
1133.322805
1281.476802
1348.820804
