908.514073
855.864393
1001.674037
1098.985751
1024.180529
1003.316488
1029.894013
950.751035
980.518706
944.963852
789.131045
728.251562
783.392995
902.014459
927.946234
910.310943
887.014810
767.701972
716.666667
823.597950
798.575139
780.480101
750.905454
748.497929
714.848740
732.761283
753.674458
801.561732
826.089703
842.584404
866.950937
860.837369
924.738541
943.563557
971.085141
936.674388
944.970871
928.799045
907.734962
885.846143
876.728434
868.758335
867.154489
852.151330
857.229592
854.762406
843.844318
832.631431
823.948902
932.589317
843.296834
838.587071
839.660981
823.032919
830.781919
829.472871
833.452657
829.936127
830.406401
933.936969
937.499123
896.792307
886.498912
960.110901
1035.074051
813.167684
825.784376
858.598301
971.808100
1044.388292
1082.992911
987.499123
946.683512
887.765845
885.611006
902.600547
909.289675
909.068576
908.766758
908.335088
908.247350
908.243841
