907.243630
854.285113
999.792939
1096.988840
1022.134484
1001.105496
1028.026953
949.034885
979.332491
943.900470
788.492314
729.118411
783.147329
900.993192
927.261880
910.124939
885.519759
766.543834
716.452587
822.036218
797.645118
780.360778
751.389766
748.855899
716.308697
733.119253
753.667439
801.091458
825.812452
842.440514
865.662947
859.773988
922.955710
941.531551
968.649540
934.210711
942.251000
926.093213
905.102829
883.270162
874.096301
866.364849
864.806626
850.101776
855.236190
852.881308
842.251000
831.406612
823.647084
933.438619
841.647364
836.986734
838.123816
821.780024
829.627290
828.388433
832.698112
829.578157
831.027585
935.463606
938.692356
896.799326
885.677687
958.314031
1033.038534
812.809714
825.054397
857.503334
970.105987
1042.415947
1080.971433
986.407665
945.420088
886.119885
883.838703
900.747526
907.805152
907.577034
907.278725
906.854075
906.762827
906.755808
