905.815259
852.839194
998.318944
1095.500807
1020.723661
999.691163
1026.630168
947.701270
978.128729
942.735313
787.537727
728.609532
782.213799
899.761353
926.138836
909.163333
884.119464
765.382186
715.585737
820.695585
796.469432
779.483400
750.705412
748.146978
716.017407
732.427880
752.846213
800.129852
824.917526
841.608760
864.424089
858.633397
921.576472
940.068085
967.080789
932.599846
940.555907
924.433214
903.470906
881.613673
872.457359
864.750474
863.220327
848.452306
853.734119
851.421352
840.913877
830.192321
822.762687
932.891135
840.275146
835.674177
836.790201
820.562224
828.441075
827.233804
831.648768
828.700779
830.452025
935.140731
938.281744
896.016705
884.589738
956.864603
1031.476802
811.890223
823.991016
856.169720
968.702183
1040.963010
1079.522005
985.277602
944.244402
884.793290
882.455956
899.333193
906.538219
906.317119
906.015301
905.587141
905.495894
905.488875
