910.918088
858.299993
1004.025409
1101.393276
1026.591563
1005.625746
1032.368218
953.228750
983.056082
947.385414
791.594722
730.743314
785.856672
904.411455
930.350249
912.728996
889.397768
770.116516
719.098758
825.924756
800.926511
782.842002
753.274374
750.975644
717.308907
735.210922
756.110058
803.986804
828.497227
844.988419
869.361971
863.241384
927.128518
945.946515
973.475118
939.106479
947.378395
931.213589
910.167053
888.257177
879.149996
871.169369
869.562013
854.674668
859.717835
857.212045
846.304485
835.056503
826.370464
934.996841
845.771040
840.998105
842.093072
825.443953
833.189443
831.866358
835.842634
832.329613
832.782340
936.369060
939.931214
899.199832
888.913455
962.500877
1037.555275
815.571699
828.188391
861.016354
974.250719
1046.799326
1085.389907
989.892609
949.084018
890.166351
888.011511
905.008072
911.693690
911.469081
911.167263
910.728574
910.644346
910.637327
